985
960
922
871
808
734
651
561
463
358
254
143
38
-62
-158
-244
-324
-392
-445
-492
-522
0
0
0
0
0
-397
-325
-240
-144
-35
81
201
318
433
542
644
730
801
0
0
0
0
0
0
0
760
706
650
600
554
518
491
479
0
0
0
532
563
593
625
648
0
0
0
0
0
628
581
522
450
361
263
146
22
-107
-242
-385
-525
-661
-793
-912
-1022
0
0
0
0
0
0
0
0
0
0
0
-981
-906
-827
-744
-666
-589
-513
-439
-372
-308
-249
-197
-148
-103
-68
-39
-10
9
21
26
0
16
-7
-32
-64
-101
-148
-198
-253
-312
-367
-423
-482
-530
-570
-604
0
0
0
0
0
-500
-420
-327
-222
-108
10
136
260
377
490
590
679
750
0
0
0
0
0
0
0
666
584
491
391
289
190
93
4
-76
-145
-202
-249
-280
-297
0
0
0
-262
-240
-216
-197
-190
-189
0
-234
-276
-331
-398
-464
-540
-607
-665
-716
0
0
0
0
0
0
0
-616
-552
-485
-415
-345
-283
-221
-167
-113
-66
-24
17
62
105
148
197
254
314
377
444
518
589
662
731
792
849
897
937
0
0
0
0
0
0
0
827
757
675
584
490
387
285
178
75
-28
-120
-212
-294
-370
-430
-479
-522
0
0
0
0
0
-429
-356
-267
-170
-246
