-82
-117
-147
-164
-172
-170
-157
-136
-106
-71
-31
16
63
115
166
218
272
324
373
417
459
497
532
559
583
598
606
608
603
587
572
548
523
497
471
442
414
390
370
351
332
319
310
304
299
296
300
301
305
309
314
321
327
330
333
332
330
324
312
303
295
283
273
262
254
250
248
250
260
273
287
306
327
352
375
405
432
463
492
517
541
562
580
595
604
609
611
607
599
586
571
556
536
514
493
469
448
421
396
370
341
308
274
237
199
153
103
47
-14
-81
-155
-231
-309
-393
-477
-568
-653
-742
-828
-911
-993
-1070
-1141
-1214
-1280
-1344
-1404
-1460
-1516
-1566
-1614
-1657
-1699
-1737
-1775
-1805
-1835
-1858
-1880
-1895
-1906
-1910
-1910
-1905
-1891
-1874
-1851
-1821
-1778
-1733
-1679
-1618
-1546
-1465
-1373
-1274
-1162
-1042
-914
-779
-641
-499
-351
-206
-56
96
243
394
539
683
820
955
1087
1215
1336
1449
1557
1652
1740
1818
1883
1942
1987
2022
2048
2067
2075
2075
2065
2046
2020
1986
1946
1897
1841
1777
1707
1629
1546
1460
1369
1277
1182
1087
991
895
799
706
616
532
448
370
297
228
160
97
44
-7
-53
-95
-134
-166
-201
-234
-263
-298
-327
-360
-395
-431
-468
-506
-548
-589
-627
-665
-695
-727
-746
-762
-772
-774
-770
-756
-735
-708
-677
-639
-601
-562
-525
-487
-453
-425
-401
-382
-502
