0   0   0   0   0   0   254 255 0   0   255 255 0   0   0   0   255 
255 0   0   1   0   0   0   0   0   0   0   2   0   255 255 3   
0   0   0   1   0   1   0   1   0   255 255 4   0   0   0   7   
0   0   0   8   0   0   0   9   0   1   0   7   0   255 255 7   
0   1   0   7   0   0   0   6   0   255 255 1   0   1   0   1   
0   0   0   2   0   2   0   0   0   0   0   2   0   1   0   1   
0   1   0   3   0   255 255 4   0   1   0   2   0   254 255 4   
0   1   0   4   0   255 255 2   0   1   0   5   0   255 255 5   
0   1   0   5   0   0   0   5   0   0   0   5   0   1   0   1   
0   0   0   2   0   2   0   5   0   255 255 3   0   1   0   1   
0   2   0   1   0   1   0   6   0   1   0   1   0   1   0   0   
0   0   0   3   0   0   0   1   0   0   0   3   0   0   0   1   0   1   0   2   
0   0   0   6   0   1   0   3   0   0   0   0   0   2   0   0   
0   1   0   2   0   255 255 3   0   0   0   3   0   0   0   3   
0   2   0   255 255 0   0   3   0   0   0   3   0   0   0   3   
0   1   0   1   0   0   0   1   0   1   0   1   0   0   0   255 
255 1   0   1   0   255 255 251 255 1   0   252 255 1   0   250 
255 1   0   252 255 255 255 251 255 1   0   251 255 1   0   254 
255 0   0   252 255 2   0   252 255 1   0   254 255 1   0   255 
255 2   0   0   0   1   0   0   0   0   0   255 255 0   0   0   
0   0   0   254 255 1   0   1   0   0   0   1   0   255 255 0   
0   255 255 0   0   0   0   255 255 0   0   0   0   0   0   0   
0   0   0   0   0   2   0   0   0   0   0   255 255 1   0   254 255 0   0   254 
255 1   0   0   0   1   0   0   0   0   0   254 255 255 255 254 
255 255 255 0   0   0   0   255 255 0   0   254 255 255 255 2   
0   1   0   255 255 1   0   254 255 255 255 254 255 0   0   0   
0   255 255 255 255 0   0   0   0   0   0   254 255 0   0   0   
0   1   0   1   0   255 255 0   0   1   0   0   0   0   0   255 
255 0   0   255 255 0   0   1   0   0   0   2   0   0   0   254 
255 0   0   0   0   0   0   0   0   255 255 254 255 1   0   255 
255 0   0   253 255 0   0   253 255 1   0   254 255 0   0   254 
255 1   0   255 255 0   0   254 255 1   0   1   0   255 255 255 
255 2   0   255 255 0   0   0   0   1   0   0   0   0   0   0   
0   0   0   0   0   0   0   254 255 255 255 0   0   1   0   0   0   0   0   0   
0   0   0   255 255 1   0   1   0   255 255 1   0   1   0   1   
0   0   0   0   0   1   0   0   0   2   0   1   0   1   0   1   
0   0   0   0   0   255 255 254 255 1   0   0   0   0   0   0   
0   1   0   1   0   1   0   255 255 255 255 255 255 0   0   255 
255 255 255 255 255 0   0   255 255 0   0   255 255 255 255 1   
0   0   0   255 255 0   0   0   0   1   0   1   0   254 255 0   
0   1   0   255 255 254 255 255 255 255 255 255 255 1   0   0   
0   0   0   1   0   1   0   254 255 254 255 254 255 2   0   254 
255 255 255 1   0   1   0   0   0   255 255 1   0   1   0   0   
0   0   0   255 255 0   0   0   0   0   0   255 255 255 255 0   
0   0   0   2   0   0   0   255 255 1   0   1   0   2   0   1   0   2   0   255 
255 255 255 1   0   255 255 2   0   0   0   0   0   1   0   255 
255 0   0   254 255 1   0   2   0   0   0   0   0   0   0   255 
255 2   0   255 255 0   0   0   0   0   0   2   0   0   0   0   
0   1   0   0   0   0   0   1   0   255 255 254 255 0   0   2   
0   0   0   255 255 255 255 0   0   0   0   254 255 0   0   1   
0   2   0   0   0   255 255 255 255 1   0   0   0   1   0   1   
0   3   0   255 255 255 255 254 255 0   0   255 255 255 255 255 
255 1   0   0   0   0   0   0   0   1   0   1   0   0   0   254 
255 0   0   0   0   0   0   255 255 1   0   254 255 255 255 254 
255 255 255 254 255 0   0   255 255 1   0   254 255 2   0   0   
0   0   0   255 255 0   0   1   0   0   0   0   0   0   0   0   0   1   0   0   
0   1   0   1   0   0   0   0   0   0   0   1   0   255 255 1   
0   0   0   1   0   255 255 0   0   0   0   2   0   255 255 2   
0   1   0   0   0   1   0   1   0   255 255 2   0   0   0   2   
0   0   0   1   0   0   0   0   0   0   0   255 255 1   0   0   
0   0   0   1   0   1   0   0   0   255 255 255 255 1   0   254 
255 0   0   255 255 1   0   254 255 1   0   1   0   0   0   0   
0   255 255 1   0   0   0   0   0   0   0   1   0   0   0   1   
0   0   0   255 255 0   0   255 255 0   0   0   0   255 255 255 
255 1   0   255 255 1   0   0   0   0   0   0   0   0   0   1   
0   255 255 255 255 0   0   254 255 255 255 0   0   0   0   0   
0   0   0   sent! 
sent! 
sent! 
sent! 
sent! 
sent! 
sent! 
sent! 
sent! 
sent! 
sent! 
sent! 
sent! 
sent! 
sent! 
sent! 
sent! 
sent! 
sent! 
sent! 
sent! 
sent! 
sent! 
sent! 
sent! 
sent! 
sent! 
sent! 
sent! 
sent! 
sent! 
sent! 
sent! 
sent! 
sent! 
sent! 
sent! 
sent! 
sent! 
sent! 
sent! 
sent! 
sent! 
sent! 
sent! 
sent!
