#X Y
0 -6219
2 -6376
4 -6514
6 -6646
8 -6772
10 -6887
12 -6996
14 -7098
16 -7199
18 -7293
20 -7390
22 -7483
24 -7578
26 -7672
28 -7765
30 -7854
32 -7936
34 -8006
36 -8044
38 -8055
40 -8014
42 -7925
44 -7775
46 -7565
48 -7295
50 -6978
52 -6620
54 -6229
56 -5823
58 -5404
60 -4988
62 -4580
64 -4181
66 -3798
68 -3437
70 -3095
72 -2777
74 -2462
76 -2170
78 -1873
80 -1574
82 -1265
84 -939
86 -584
88 -185
90 246
92 706
94 1168
96 1643
98 2130
100 2618
102 3102
104 3572
106 4028
108 4462
110 4877
112 5275
114 5646
116 6001
118 6323
120 6625
122 6902
124 7149
126 7374
128 7577
130 7762
132 7923
134 8072
136 8204
138 8318
140 8413
142 8491
144 8549
146 8583
148 8588
150 8560
152 8499
154 8402
156 8260
158 8087
160 7874
162 7626
164 7347
166 7039
168 6702
170 6351
172 5980
174 5588
176 5189
178 4783
180 4364
182 3940
184 3505
186 3057
188 2602
190 2143
192 1678
194 1213
196 754
198 285
200 -173
202 -612
204 -1010
206 -1384
208 -1737
210 -2086
212 -2424
214 -2757
216 -3097
218 -3432
220 -3778
222 -4115
224 -4442
226 -4754
228 -5042
230 -5296
232 -5522
234 -5711
236 -5871
238 -6001
240 -6107
242 -6191
244 -6255
246 -6305
248 -6334
250 -6341
252 -6329
254 -6291
256 -6235
258 -6158
260 -6055
262 -5938
264 -5806
266 -5654
268 -5494
270 -5321
272 -5136
274 -4945
276 -4739
278 -4519
280 -4297
282 -4052
284 -3816
286 -3561
288 -3311
290 -3059
292 -2812
294 -2562
296 -2325
298 -2102
300 -1891
302 -1698
304 -1528
306 -1383
308 -1262
310 -1170
312 -1100
314 -1046
316 -1011
318 -987
320 -965
322 -947
324 -931
326 -919
328 -906
330 -896
332 -889
334 -888
336 -891
338 -902
340 -931
342 -972
344 -1033
346 -1124
348 -1241
350 -1383
352 -1561
354 -1760
356 -1982
358 -2213
360 -2457
362 -2703
364 -2934
366 -3150
368 -3338
370 -3498
372 -3628
374 -3721
376 -3775
378 -3787
380 -3762
382 -3699
384 -3602
386 -3472
388 -3311
390 -3130
392 -2932
394 -2724
396 -2511
398 -2287
400 -2061
402 -1820
404 -1566
406 -1300
408 -1025
410 -736
412 -421
414 -92
416 236
418 567
420 889
422 1209
424 1533
426 1858
428 2189
430 2523
432 2869
434 3222
436 3587
438 3967
440 4364
442 4772
444 5188
446 5607
448 6032
450 6446
452 6857
454 7245
456 7613
458 7946
460 8245
462 8491
464 8692
466 8844
468 8943
470 8988
472 8994
474 8970
476 8907
478 8816
480 8699
482 8568
484 8430
486 8281
488 8133
490 7984
492 7844
494 7712
496 7583
498 7450
500 7318
502 7189
504 7054
506 6910
508 6758
510 6597
