buff size is 1024 
tmp = : 5804
loops : 861
dev handle : 19270504
device opened 
interface 2 claimed 
-0.000000
-0.000000
-0.000000
-0.000000
0.000000
0.000000
0.000001
0.000001
0.000004
0.000004
0.000010
0.000010
0.000018
0.000018
0.000030
0.000030
0.000047
0.000047
0.000068
0.000068
0.000095
0.000095
0.000126
0.000126
0.000163
0.000163
0.000204
0.000204
0.000251
0.000251
0.000301
0.000301
0.000356
0.000356
0.000413
0.000413
0.000471
0.000471
0.000532
0.000532
0.000591
0.000591
0.000651
0.000651
0.000706
0.000706
0.000758
0.000758
0.000805
0.000805
0.000844
0.000844
0.000874
0.000874
0.000895
0.000895
0.000904
0.000904
0.000900
0.000900
0.000881
0.000881
0.000849
0.000849
0.000798
0.000798
0.000732
0.000732
0.000649
0.000649
0.000547
0.000547
0.000426
0.000426
0.000283
0.000283
0.000124
0.000124
-0.000045
-0.000045
-0.000231
-0.000231
-0.000442
-0.000442
-0.000662
-0.000662
-0.000901
-0.000901
-0.001149
-0.001149
-0.001399
-0.001399
-0.001665
-0.001665
-0.001931
-0.001931
-0.002193
-0.002193
-0.002460
-0.002460
-0.002721
-0.002721
-0.002974
-0.002974
-0.003216
-0.003216
-0.003447
-0.003447
-0.003662
-0.003662
-0.003850
-0.003850
-0.004017
-0.004017
-0.004150
-0.004150
-0.004258
-0.004258
-0.004339
-0.004339
-0.004377
-0.004377
-0.004382
-0.004382
-0.004352
-0.004352
-0.004285
-0.004285
-0.004163
-0.004163
-0.004014
-0.004014
-0.003805
-0.003805
-0.003565
-0.003565
-0.003277
-0.003277
-0.002955
-0.002955
-0.002597
-0.002597
-0.002186
-0.002186
-0.001756
-0.001756
-0.001287
-0.001287
-0.000780
-0.000780
-0.000271
-0.000271
0.000000
0.000000
0.000543
0.000543
0.001125
0.001125
0.001727
0.001727
0.002306
0.002306
0.002902
0.002902
0.003494
0.003494
0.004080
0.004080
0.004659
0.004659
0.005183
0.005183
0.005720
0.005720
0.006198
0.006198
0.006661
0.006661
0.007061
0.007061
0.007443
0.007443
0.007756
0.007756
0.007997
0.007997
0.008215
0.008215
0.008357
0.008357
0.008447
0.008447
0.008456
0.008456
0.008409
0.008409
0.008303
0.008303
0.008112
0.008112
0.007859
0.007859
0.007544
0.007544
0.007166
0.007166
0.006722
0.006722
0.006214
0.006214
0.005667
0.005667
0.005053
0.005053
0.004400
0.004400
0.003709
0.003709
0.002979
0.002979
0.002211
0.002211
0.001404
0.001404
0.000588
0.000588
-0.000207
-0.000207
-0.001008
-0.001008
-0.001846
-0.001846
-0.002660
-0.002660
-0.003479
-0.003479
-0.004272
-0.004272
-0.005008
-0.005008
-0.005746
-0.005746
-0.006425
-0.006425
-0.007045
-0.007045
-0.007634
-0.007634
-0.008162
-0.008162
-0.008627
-0.008627
-0.009029
-0.009029
-0.009368
-0.009368
-0.009644
-0.009644
-0.009825
-0.009825
-0.009941
-0.009941
-0.009964
-0.009964
-0.009922
-0.009922
-0.009816
-0.009816
-0.009617
-0.009617
-0.009355
-0.009355
-0.009031
-0.009031
-0.008646
-0.008646
-0.008170
-0.008170
-0.007664
-0.007664
-0.007070
-0.007070
-0.006448
-0.006448
-0.005770
-0.005770
-0.005067
-0.005067
-0.004339
-0.004339
-0.003558
-0.003558
-0.002785
-0.002785
-0.001990
-0.001990
-0.001175
-0.001175
-0.000399
-0.000399
0.000000
0.000000
0.000758
0.000758
0.001534
0.001534
0.002297
0.002297
0.002992
0.002992
0.003675
0.003675
0.004317
0.004317
0.004920
0.004920
0.005483
0.005483
0.005954
0.005954
0.006414
0.006414
0.006784
0.006784
0.007117
0.007117
0.007365
0.007365
0.007578
0.007578
0.007709
0.007709
0.007760
0.007760
0.007782
0.007782
0.007728
0.007728
0.007625
0.007625
0.007451
0.007451
0.007232
0.007232
0.006970
0.006970
0.006646
0.006646
0.006284
0.006284
0.005886
0.005886
0.005455
0.005455
0.004992
0.004992
0.004501
0.004501
0.004004
0.004004
0.003482
0.003482
0.002957
0.002957
0.002430
0.002430
0.001903
0.001903
0.001376
0.001376
0.000851
0.000851
0.000347
0.000347
-0.000119
-0.000119
-0.000565
-0.000565
-0.001007
-0.001007
-0.001412
-0.001412
-0.001797
-0.001797
-0.002147
-0.002147
-0.002447
-0.002447
-0.002730
-0.002730
-0.002967
-0.002967
-0.003160
-0.003160
-0.003325
-0.003325
-0.003451
-0.003451
-0.003539
-0.003539
-0.003593
-0.003593
-0.003614
-0.003614
-0.003605
-0.003605
-0.003557
-0.003557
-0.003484
-0.003484
-0.003378
-0.003378
-0.003252
-0.003252
-0.003109
-0.003109
-0.002942
-0.002942
-0.002761
-0.002761
-0.002570
-0.002570
-0.002371
-0.002371
-0.002157
-0.002157
-0.001946
-0.001946
-0.001725
-0.001725
-0.001511
-0.001511
-0.001297
-0.001297
-0.001091
-0.001091
-0.000894
-0.000894
-0.000701
-0.000701
-0.000524
-0.000524
-0.000357
-0.000357
-0.000201
-0.000201
-0.000065
-0.000065
0.000000
0.000000
0.000111
0.000111
0.000211
0.000211
0.000299
0.000299
0.000366
0.000366
0.000422
0.000422
0.000465
0.000465
0.000494
0.000494
0.000513
0.000513
0.000517
0.000517
0.000515
0.000515
0.000501
0.000501
0.000482
0.000482
0.000455
0.000455
0.000424
0.000424
0.000389
0.000389
0.000350
0.000350
0.000312
0.000312
0.000272
0.000272
0.000234
0.000234
0.000196
0.000196
0.000161
0.000161
0.000129
0.000129
0.000100
0.000100
0.000075
0.000075
0.000054
0.000054
0.000036
0.000036
0.000023
0.000023
0.000013
0.000013
0.000006
0.000006
0.000002
0.000002
0.000000
0.000000



1 0.999901
2 0.999606
3 0.999113
4 0.998423
5 0.997537
6 0.996456
7 0.995180
8 0.993709
9 0.992045
10 0.990189
11 0.988142
12 0.985905
13 0.983479
14 0.980867
15 0.978070
16 0.975090
17 0.971928
18 0.968586
19 0.965067
20 0.961373
21 0.957505
22 0.953468
23 0.949262
24 0.944891
25 0.940358
26 0.935665
27 0.930814
28 0.925811
29 0.920656
30 0.915354
31 0.909907
32 0.904320
33 0.898595
34 0.892737
35 0.886748
36 0.880632
37 0.874394
38 0.868036
39 0.861563
40 0.854979
41 0.848287
42 0.841493
43 0.834599
44 0.827610
45 0.820530
46 0.813363
47 0.806114
48 0.798787
49 0.791386
50 0.783916
51 0.776381
52 0.768785
53 0.761133
54 0.753430
55 0.745679
56 0.737885
57 0.730053
58 0.722187
59 0.714292
60 0.706371
61 0.698431
62 0.690474
63 0.682505
64 0.674530
65 0.666551
66 0.658574
67 0.650603
68 0.642642
69 0.634696
70 0.626768
71 0.618864
72 0.610986
73 0.603139
74 0.595328
75 0.587556
76 0.579827
77 0.572145
78 0.564514
79 0.556938
80 0.549420
81 0.541965
82 0.534575
83 0.527254
84 0.520005
85 0.512832
86 0.505739
87 0.498728
88 0.491802
89 0.484965
90 0.478220
91 0.471568
92 0.465014
93 0.458559
94 0.452207
95 0.445959
96 0.439818
97 0.433787
98 0.427867
99 0.422061
100 0.416370
101 0.410797
102 0.405343
103 0.400010
104 0.394799
105 0.389712
106 0.384751
107 0.379916
108 0.375208
109 0.370629
110 0.366179
111 0.361859
112 0.357671
113 0.353614
114 0.349688
115 0.345895
116 0.342235
117 0.338707
118 0.335311
119 0.332048
120 0.328918
121 0.325919
122 0.323052
123 0.320316
124 0.317710
125 0.315234
126 0.312887
127 0.310668
128 0.308575
129 0.306608
130 0.304766
131 0.303046
132 0.301448
133 0.299971
134 0.298612
135 0.297370
136 0.296243
137 0.295229
138 0.294327
139 0.293534
140 0.292848
141 0.292268
142 0.291790
143 0.291414
144 0.291135
145 0.290953
146 0.290864
147 0.290867
148 0.290958
149 0.291135
150 0.291395
151 0.291736
152 0.292155
153 0.292650
154 0.293217
155 0.293854
156 0.294557
157 0.295326
158 0.296155
159 0.297043
160 0.297986
161 0.298982
162 0.300028
163 0.301121
164 0.302258
165 0.303436
166 0.304652
167 0.305903
168 0.307188
169 0.308501
170 0.309842
171 0.311206
172 0.312591
173 0.313995
174 0.315414
175 0.316846
176 0.318288
177 0.319737
178 0.321191
179 0.322647
180 0.324103
181 0.325555
182 0.327002
183 0.328441
184 0.329869
185 0.331284
186 0.332684
187 0.334067
188 0.335430
189 0.336771
190 0.338088
191 0.339379
192 0.340642
193 0.341874
194 0.343075
195 0.344243
196 0.345374
197 0.346469
198 0.347525
199 0.348541
200 0.349514
201 0.350445
202 0.351331
203 0.352172
204 0.352965
205 0.353710
206 0.354406
207 0.355052
208 0.355647
209 0.356190
210 0.356681
211 0.357118
212 0.357502
213 0.357831
214 0.358105
215 0.358324
216 0.358488
217 0.358596
218 0.358648
219 0.358644
220 0.358585
221 0.358469
222 0.358298
223 0.358072
224 0.357790
225 0.357454
226 0.357064
227 0.356620
228 0.356122
229 0.355572
230 0.354971
231 0.354318
232 0.353615
233 0.352863
234 0.352062
235 0.351214
236 0.350320
237 0.349381
238 0.348398
239 0.347373
240 0.346306
241 0.345199
242 0.344053
243 0.342871
244 0.341652
245 0.340400
246 0.339115
247 0.337799
248 0.336454
249 0.335081
250 0.333683
251 0.332260
252 0.330814
253 0.329349
254 0.327864
255 0.326362
256 0.324846
257 0.323316
258 0.321775
259 0.320225
260 0.318667
261 0.317103
262 0.315536
263 0.313968
264 0.312400
265 0.310834
266 0.309272
267 0.307716
268 0.306168
269 0.304631
270 0.303105
271 0.301593
272 0.300097
273 0.298619
274 0.297160
275 0.295722
276 0.294307
277 0.292917
278 0.291554
279 0.290219
280 0.288914
281 0.287641
282 0.286402
283 0.285197
284 0.284029
285 0.282898
286 0.281808
287 0.280758
288 0.279750
289 0.278786
290 0.277867
291 0.276995
292 0.276169
293 0.275392
294 0.274665
295 0.273988
296 0.273363
297 0.272790
298 0.272270
299 0.271804
300 0.271393
301 0.271037
302 0.270738
303 0.270494
304 0.270308
305 0.270179
306 0.270107
307 0.270094
308 0.270138
309 0.270240
310 0.270400
311 0.270619
312 0.270895
313 0.271229
314 0.271620
315 0.272069
316 0.272574
317 0.273135
318 0.273752
319 0.274424
320 0.275151
321 0.275931
322 0.276764
323 0.277648
324 0.278584
325 0.279569
326 0.280604
327 0.281686
328 0.282814
329 0.283988
330 0.285205
331 0.286466
332 0.287767
333 0.289107
334 0.290486
335 0.291901
336 0.293352
337 0.294835
338 0.296349
339 0.297894
340 0.299466
341 0.301064
342 0.302687
343 0.304331
344 0.305996
345 0.307679
346 0.309379
347 0.311093
348 0.312819
349 0.314555
350 0.316299
351 0.318050
352 0.319804
353 0.321560
354 0.323315
355 0.325068
356 0.326817
357 0.328558
358 0.330290
359 0.332011
360 0.333719
361 0.335411
362 0.337085
363 0.338740
364 0.340373
365 0.341981
366 0.343564
367 0.345118
368 0.346642
369 0.348134
370 0.349591
371 0.351012
372 0.352394
373 0.353736
374 0.355036
375 0.356292
376 0.357502
377 0.358665
378 0.359778
379 0.360839
380 0.361848
381 0.362803
382 0.363701
383 0.364542
384 0.365323
385 0.366044
386 0.366703
387 0.367299
388 0.367830
389 0.368296
390 0.368694
391 0.369024
392 0.369285
393 0.369475
394 0.369595
395 0.369642
396 0.369617
397 0.369518
398 0.369345
399 0.369097
400 0.368773
401 0.368374
402 0.367898
403 0.367345
404 0.366715
405 0.366008
406 0.365224
407 0.364362
408 0.363422
409 0.362406
410 0.361311
411 0.360140
412 0.358892
413 0.357567
414 0.356166
415 0.354689
416 0.353137
417 0.351510
418 0.349810
419 0.348036
420 0.346190
421 0.344272
422 0.342284
423 0.340226
424 0.338100
425 0.335906
426 0.333646
427 0.331320
428 0.328931
429 0.326480
430 0.323968
431 0.321396
432 0.318765
433 0.316079
434 0.313338
435 0.310543
436 0.307697
437 0.304801
438 0.301857
439 0.298867
440 0.295833
441 0.292757
442 0.289640
443 0.286485
444 0.283294
445 0.280069
446 0.276811
447 0.273523
448 0.270208
449 0.266867
450 0.263503
451 0.260117
452 0.256712
453 0.253291
454 0.249855
455 0.246407
456 0.242949
457 0.239484
458 0.236013
459 0.232539
460 0.229065
461 0.225592
462 0.222124
463 0.218662
464 0.215208
465 0.211765
466 0.208336
467 0.204922
468 0.201526
469 0.198150
470 0.194796
471 0.191466
472 0.188164
473 0.184890
474 0.181646
475 0.178436
476 0.175262
477 0.172124
478 0.169025
479 0.165968
480 0.162954
481 0.159985
482 0.157063
483 0.154189
484 0.151366
485 0.148595
486 0.145879
487 0.143217
488 0.140613
489 0.138068
490 0.135583
491 0.133160
492 0.130799
493 0.128503
494 0.126273
495 0.124110
496 0.122015
497 0.119988
498 0.118033
499 0.116148
500 0.114335
501 0.112596
502 0.110930
503 0.109339
504 0.107824
505 0.106384
506 0.105021
507 0.103734
508 0.102525
509 0.101394
510 0.100341
511 0.099367
result : 86.132812 
error snd, prepare , Broken pipe
-0.000000
-0.000000
-0.000001
-0.000001
-0.000006
-0.000006
-0.000014
-0.000014
-0.000024
-0.000024
-0.000037
-0.000037
-0.000053
-0.000053
-0.000070
-0.000070
-0.000088
-0.000088
-0.000107
-0.000107
-0.000125
-0.000125
-0.000142
-0.000142
-0.000156
-0.000156
-0.000168
-0.000168
-0.000175
-0.000175
-0.000177
-0.000177
-0.000173
-0.000173
-0.000160
-0.000160
-0.000141
-0.000141
-0.000113
-0.000113
-0.000074
-0.000074
-0.000028
-0.000028
0.000000
0.000000
0.000064
0.000064
0.000142
0.000142
0.000232
0.000232
0.000329
0.000329
0.000438
0.000438
0.000556
0.000556
0.000684
0.000684
0.000821
0.000821
0.000959
0.000959
0.001108
0.001108
0.001255
0.001255
0.001408
0.001408
0.001556
0.001556
0.001708
0.001708
0.001850
0.001850
0.001981
0.001981
0.002111
0.002111
0.002226
0.002226
0.002329
0.002329
0.002411
0.002411
0.002477
0.002477
0.002525
0.002525
0.002545
0.002545
0.002542
0.002542
0.002514
0.002514
0.002458
0.002458
0.002372
0.002372
0.002254
0.002254
0.002112
0.002112
0.001934
0.001934
0.001729
0.001729
0.001495
0.001495
0.001231
0.001231
0.000937
0.000937
0.000609
0.000609
0.000261
0.000261
-0.000094
-0.000094
-0.000469
-0.000469
-0.000879
-0.000879
-0.001295
-0.001295
-0.001732
-0.001732
-0.002173
-0.002173
-0.002603
-0.002603
-0.003051
-0.003051
-0.003483
-0.003483
-0.003899
-0.003899
-0.004312
-0.004312
-0.004703
-0.004703
-0.005071
-0.005071
-0.005413
-0.005413
-0.005727
-0.005727
-0.006010
-0.006010
-0.006241
-0.006241
-0.006436
-0.006436
-0.006572
-0.006572
-0.006668
-0.006668
-0.006720
-0.006720
-0.006705
-0.006705
-0.006643
-0.006643
-0.006529
-0.006529
-0.006364
-0.006364
-0.006122
-0.006122
-0.005846
-0.005846
-0.005488
-0.005488
-0.005094
-0.005094
-0.004639
-0.004639
-0.004145
-0.004145
-0.003612
-0.003612
-0.003013
-0.003013
-0.002399
-0.002399
-0.001744
-0.001744
-0.001048
-0.001048
-0.000362
-0.000362
0.000000
0.000000
0.000712
0.000712
0.001464
0.001464
0.002229
0.002229
0.002954
0.002954
0.003690
0.003690
0.004410
0.004410
0.005111
0.005111
0.005794
0.005794
0.006400
0.006400
0.007012
0.007012
0.007544
0.007544
0.008051
0.008051
0.008475
0.008475
0.008872
0.008872
0.009182
0.009182
0.009404
0.009404
0.009596
0.009596
0.009697
0.009697
0.009736
0.009736
0.009683
0.009683
0.009566
0.009566
0.009386
0.009386
0.009110
0.009110
0.008770
0.008770
0.008365
0.008365
0.007895
0.007895
0.007360
0.007360
0.006761
0.006761
0.006127
0.006127
0.005430
0.005430
0.004699
0.004699
0.003937
0.003937
0.003143
0.003143
0.002318
0.002318
0.001463
0.001463
0.000609
0.000609
-0.000213
-0.000213
-0.001032
-0.001032
-0.001877
-0.001877
-0.002688
-0.002688
-0.003495
-0.003495
-0.004265
-0.004265
-0.004970
-0.004970
-0.005668
-0.005668
-0.006300
-0.006300
-0.006865
-0.006865
-0.007394
-0.007394
-0.007857
-0.007857
-0.008254
-0.008254
-0.008586
-0.008586
-0.008854
-0.008854
-0.009058
-0.009058
-0.009171
-0.009171
-0.009223
-0.009223
-0.009186
-0.009186
-0.009090
-0.009090
-0.008937
-0.008937
-0.008701
-0.008701
-0.008411
-0.008411
-0.008068
-0.008068
-0.007674
-0.007674
-0.007205
-0.007205
-0.006715
-0.006715
-0.006154
-0.006154
-0.005576
-0.005576
-0.004957
-0.004957
-0.004323
-0.004323
-0.003677
-0.003677
-0.002995
-0.002995
-0.002328
-0.002328
-0.001652
-0.001652
-0.000969
-0.000969
-0.000326
-0.000326
0.000000
0.000000
0.000612
0.000612
0.001229
0.001229
0.001827
0.001827
0.002362
0.002362
0.002879
0.002879
0.003357
0.003357
0.003796
0.003796
0.004197
0.004197
0.004522
0.004522
0.004832
0.004832
0.005069
0.005069
0.005274
0.005274
0.005412
0.005412
0.005522
0.005522
0.005569
0.005569
0.005556
0.005556
0.005522
0.005522
0.005434
0.005434
0.005312
0.005312
0.005142
0.005142
0.004943
0.004943
0.004717
0.004717
0.004453
0.004453
0.004167
0.004167
0.003862
0.003862
0.003541
0.003541
0.003206
0.003206
0.002859
0.002859
0.002514
0.002514
0.002161
0.002161
0.001813
0.001813
0.001472
0.001472
0.001138
0.001138
0.000812
0.000812
0.000496
0.000496
0.000200
0.000200
-0.000067
-0.000067
-0.000315
-0.000315
-0.000554
-0.000554
-0.000765
-0.000765
-0.000958
-0.000958
-0.001126
-0.001126
-0.001262
-0.001262
-0.001383
-0.001383
-0.001476
-0.001476
-0.001543
-0.001543
-0.001592
-0.001592
-0.001619
-0.001619
-0.001626
-0.001626
-0.001615
-0.001615
-0.001587
-0.001587
-0.001546
-0.001546
-0.001488
-0.001488
-0.001419
-0.001419
-0.001339
-0.001339
-0.001253
-0.001253
-0.001162
-0.001162
-0.001065
-0.001065
-0.000966
-0.000966
-0.000868
-0.000868
-0.000771
-0.000771
-0.000674
-0.000674
-0.000583
-0.000583
-0.000494
-0.000494
-0.000412
-0.000412
-0.000336
-0.000336
-0.000267
-0.000267
-0.000206
-0.000206
-0.000151
-0.000151
-0.000105
-0.000105
-0.000066
-0.000066
-0.000034
-0.000034
-0.000010
-0.000010
0.000000
0.000000
0.000014
0.000014
0.000023
0.000023
0.000028
0.000028
0.000028
0.000028
0.000026
0.000026
0.000022
0.000022
0.000017
0.000017
0.000012
0.000012
0.000007
0.000007
0.000003
0.000003
0.000000
0.000000



1 0.999901
2 0.999606
3 0.999113
4 0.998424
5 0.997538
6 0.996457
7 0.995181
8 0.993711
9 0.992048
10 0.990192
11 0.988146
12 0.985910
13 0.983485
14 0.980874
15 0.978078
16 0.975098
17 0.971938
18 0.968597
19 0.965080
20 0.961387
21 0.957521
22 0.953485
23 0.949282
24 0.944913
25 0.940381
26 0.935690
27 0.930842
28 0.925841
29 0.920689
30 0.915390
31 0.909946
32 0.904362
33 0.898641
34 0.892785
35 0.886800
36 0.880688
37 0.874454
38 0.868100
39 0.861632
40 0.855052
41 0.848365
42 0.841576
43 0.834687
44 0.827703
45 0.820629
46 0.813468
47 0.806225
48 0.798904
49 0.791510
50 0.784046
51 0.776518
52 0.768929
53 0.761284
54 0.753587
55 0.745844
56 0.738058
57 0.730233
58 0.722375
59 0.714487
60 0.706575
61 0.698642
62 0.690693
63 0.682733
64 0.674765
65 0.666794
66 0.658825
67 0.650861
68 0.642907
69 0.634968
70 0.627047
71 0.619149
72 0.611277
73 0.603436
74 0.595630
75 0.587862
76 0.580138
77 0.572459
78 0.564831
79 0.557257
80 0.549740
81 0.542285
82 0.534895
83 0.527572
84 0.520322
85 0.513146
86 0.506049
87 0.499032
88 0.492101
89 0.485257
90 0.478503
91 0.471842
92 0.465278
93 0.458812
94 0.452448
95 0.446188
96 0.440035
97 0.433990
98 0.428056
99 0.422236
100 0.416532
101 0.410946
102 0.405479
103 0.400134
104 0.394913
105 0.389817
106 0.384848
107 0.380008
108 0.375299
109 0.370722
110 0.366278
111 0.361969
112 0.357796
113 0.353760
114 0.349863
115 0.346106
116 0.342490
117 0.339015
118 0.335682
119 0.332493
120 0.329448
121 0.326547
122 0.323792
123 0.321182
124 0.318717
125 0.316399
126 0.314228
127 0.312202
128 0.310323
129 0.308589
130 0.307001
131 0.305558
132 0.304260
133 0.303106
134 0.302094
135 0.301224
136 0.300495
137 0.299906
138 0.299454
139 0.299139
140 0.298959
141 0.298911
142 0.298994
143 0.299205
144 0.299543
145 0.300004
146 0.300587
147 0.301288
148 0.302104
149 0.303033
150 0.304072
151 0.305216
152 0.306464
153 0.307811
154 0.309254
155 0.310789
156 0.312413
157 0.314122
158 0.315912
159 0.317780
160 0.319721
161 0.321731
162 0.323807
163 0.325944
164 0.328138
165 0.330386
166 0.332682
167 0.335024
168 0.337407
169 0.339826
170 0.342278
171 0.344759
172 0.347264
173 0.349790
174 0.352332
175 0.354887
176 0.357450
177 0.360018
178 0.362586
179 0.365151
180 0.367709
181 0.370257
182 0.372789
183 0.375304
184 0.377796
185 0.380264
186 0.382702
187 0.385108
188 0.387478
189 0.389810
190 0.392099
191 0.394343
192 0.396538
193 0.398682
194 0.400772
195 0.402804
196 0.404777
197 0.406686
198 0.408531
199 0.410307
200 0.412013
201 0.413647
202 0.415206
203 0.416688
204 0.418090
205 0.419412
206 0.420651
207 0.421805
208 0.422872
209 0.423852
210 0.424742
211 0.425542
212 0.426249
213 0.426863
214 0.427382
215 0.427806
216 0.428134
217 0.428365
218 0.428498
219 0.428533
220 0.428470
221 0.428307
222 0.428045
223 0.427684
224 0.427224
225 0.426664
226 0.426005
227 0.425248
228 0.424392
229 0.423438
230 0.422387
231 0.421239
232 0.419996
233 0.418658
234 0.417226
235 0.415702
236 0.414086
237 0.412381
238 0.410587
239 0.408706
240 0.406739
241 0.404689
242 0.402557
243 0.400346
244 0.398056
245 0.395691
246 0.393253
247 0.390743
248 0.388165
249 0.385520
250 0.382812
251 0.380042
252 0.377214
253 0.374330
254 0.371394
255 0.368408
256 0.365375
257 0.362298
258 0.359181
259 0.356027
260 0.352838
261 0.349619
262 0.346373
263 0.343102
264 0.339811
265 0.336503
266 0.333182
267 0.329850
268 0.326513
269 0.323172
270 0.319833
271 0.316498
272 0.313172
273 0.309857
274 0.306558
275 0.303279
276 0.300021
277 0.296791
278 0.293589
279 0.290421
280 0.287290
281 0.284199
282 0.281150
283 0.278149
284 0.275196
285 0.272296
286 0.269451
287 0.266664
288 0.263937
289 0.261273
290 0.258674
291 0.256142
292 0.253679
293 0.251287
294 0.248966
295 0.246720
296 0.244548
297 0.242451
298 0.240430
299 0.238485
300 0.236617
301 0.234826
302 0.233110
303 0.231470
304 0.229906
305 0.228415
306 0.226997
307 0.225650
308 0.224373
309 0.223164
310 0.222021
311 0.220942
312 0.219925
313 0.218966
314 0.218065
315 0.217218
316 0.216422
317 0.215675
318 0.214974
319 0.214316
320 0.213698
321 0.213117
322 0.212570
323 0.212054
324 0.211567
325 0.211105
326 0.210666
327 0.210247
328 0.209846
329 0.209459
330 0.209085
331 0.208721
332 0.208365
333 0.208014
334 0.207667
335 0.207322
336 0.206978
337 0.206631
338 0.206282
339 0.205928
340 0.205569
341 0.205203
342 0.204829
343 0.204447
344 0.204056
345 0.203656
346 0.203245
347 0.202825
348 0.202394
349 0.201953
350 0.201502
351 0.201041
352 0.200570
353 0.200091
354 0.199603
355 0.199108
356 0.198605
357 0.198097
358 0.197583
359 0.197066
360 0.196546
361 0.196024
362 0.195502
363 0.194981
364 0.194463
365 0.193948
366 0.193439
367 0.192937
368 0.192443
369 0.191959
370 0.191486
371 0.191027
372 0.190582
373 0.190153
374 0.189741
375 0.189349
376 0.188977
377 0.188627
378 0.188300
379 0.187998
380 0.187721
381 0.187471
382 0.187249
383 0.187056
384 0.186892
385 0.186759
386 0.186657
387 0.186587
388 0.186549
389 0.186543
390 0.186571
391 0.186632
392 0.186726
393 0.186853
394 0.187013
395 0.187206
396 0.187432
397 0.187689
398 0.187979
399 0.188299
400 0.188650
401 0.189030
402 0.189439
403 0.189876
404 0.190341
405 0.190831
406 0.191346
407 0.191886
408 0.192448
409 0.193032
410 0.193637
411 0.194262
412 0.194905
413 0.195566
414 0.196243
415 0.196935
416 0.197642
417 0.198361
418 0.199093
419 0.199835
420 0.200588
421 0.201350
422 0.202121
423 0.202900
424 0.203685
425 0.204477
426 0.205274
427 0.206077
428 0.206884
429 0.207695
430 0.208511
431 0.209329
432 0.210151
433 0.210977
434 0.211805
435 0.212636
436 0.213471
437 0.214308
438 0.215149
439 0.215993
440 0.216841
441 0.217693
442 0.218549
443 0.219411
444 0.220277
445 0.221149
446 0.222027
447 0.222912
448 0.223804
449 0.224705
450 0.225613
451 0.226531
452 0.227459
453 0.228397
454 0.229347
455 0.230308
456 0.231281
457 0.232268
458 0.233268
459 0.234283
460 0.235312
461 0.236356
462 0.237416
463 0.238493
464 0.239585
465 0.240695
466 0.241822
467 0.242967
468 0.244129
469 0.245309
470 0.246506
471 0.247722
472 0.248955
473 0.250206
474 0.251474
475 0.252760
476 0.254062
477 0.255380
478 0.256714
479 0.258064
480 0.259428
481 0.260806
482 0.262197
483 0.263600
484 0.265015
485 0.266440
486 0.267874
487 0.269316
488 0.270766
489 0.272221
490 0.273681
491 0.275144
492 0.276609
493 0.278075
494 0.279540
495 0.281002
496 0.282460
497 0.283913
498 0.285359
499 0.286796
500 0.288223
501 0.289638
502 0.291039
503 0.292426
504 0.293796
505 0.295147
506 0.296479
507 0.297789
508 0.299075
509 0.300337
510 0.301572
511 0.302779
result : 86.132812 
error snd, prepare , Broken pipe
0.000000
0.000000
0.000000
0.000000
0.000001
0.000001
0.000002
0.000002
0.000001
0.000001
-0.000001
-0.000001
-0.000006
-0.000006
-0.000014
-0.000014
-0.000026
-0.000026
-0.000043
-0.000043
-0.000065
-0.000065
-0.000092
-0.000092
-0.000125
-0.000125
-0.000164
-0.000164
-0.000208
-0.000208
-0.000258
-0.000258
-0.000312
-0.000312
-0.000372
-0.000372
-0.000435
-0.000435
-0.000502
-0.000502
-0.000572
-0.000572
-0.000641
-0.000641
-0.000710
-0.000710
-0.000777
-0.000777
-0.000842
-0.000842
-0.000902
-0.000902
-0.000956
-0.000956
-0.001002
-0.001002
-0.001040
-0.001040
-0.001067
-0.001067
-0.001079
-0.001079
-0.001081
-0.001081
-0.001063
-0.001063
-0.001032
-0.001032
-0.000981
-0.000981
-0.000914
-0.000914
-0.000829
-0.000829
-0.000719
-0.000719
-0.000594
-0.000594
-0.000448
-0.000448
-0.000279
-0.000279
-0.000100
-0.000100
0.000000
0.000000
0.000210
0.000210
0.000445
0.000445
0.000700
0.000700
0.000955
0.000955
0.001229
0.001229
0.001512
0.001512
0.001803
0.001803
0.002102
0.002102
0.002385
0.002385
0.002684
0.002684
0.002964
0.002964
0.003245
0.003245
0.003503
0.003503
0.003758
0.003758
0.003985
0.003985
0.004180
0.004180
0.004366
0.004366
0.004515
0.004515
0.004637
0.004637
0.004716
0.004716
0.004763
0.004763
0.004776
0.004776
0.004736
0.004736
0.004656
0.004656
0.004535
0.004535
0.004369
0.004369
0.004157
0.004157
0.003896
0.003896
0.003602
0.003602
0.003255
0.003255
0.002873
0.002873
0.002454
0.002454
0.001996
0.001996
0.001500
0.001500
0.000965
0.000965
0.000409
0.000409
-0.000146
-0.000146
-0.000719
-0.000719
-0.001333
-0.001333
-0.001944
-0.001944
-0.002572
-0.002572
-0.003196
-0.003196
-0.003791
-0.003791
-0.004400
-0.004400
-0.004977
-0.004977
-0.005519
-0.005519
-0.006049
-0.006049
-0.006540
-0.006540
-0.006990
-0.006990
-0.007398
-0.007398
-0.007760
-0.007760
-0.008076
-0.008076
-0.008318
-0.008318
-0.008508
-0.008508
-0.008620
-0.008620
-0.008676
-0.008676
-0.008676
-0.008676
-0.008591
-0.008591
-0.008446
-0.008446
-0.008240
-0.008240
-0.007972
-0.007972
-0.007613
-0.007613
-0.007217
-0.007217
-0.006728
-0.006728
-0.006201
-0.006201
-0.005607
-0.005607
-0.004975
-0.004975
-0.004305
-0.004305
-0.003568
-0.003568
-0.002821
-0.002821
-0.002037
-0.002037
-0.001216
-0.001216
-0.000417
-0.000417
0.000000
0.000000
0.000810
0.000810
0.001655
0.001655
0.002504
0.002504
0.003296
0.003296
0.004092
0.004092
0.004859
0.004859
0.005596
0.005596
0.006304
0.006304
0.006920
0.006920
0.007535
0.007535
0.008056
0.008056
0.008545
0.008545
0.008940
0.008940
0.009301
0.009301
0.009568
0.009568
0.009739
0.009739
0.009877
0.009877
0.009921
0.009921
0.009900
0.009900
0.009787
0.009787
0.009610
0.009610
0.009371
0.009371
0.009041
0.009041
0.008651
0.008651
0.008202
0.008202
0.007694
0.007694
0.007129
0.007129
0.006508
0.006508
0.005862
0.005862
0.005163
0.005163
0.004441
0.004441
0.003698
0.003698
0.002934
0.002934
0.002150
0.002150
0.001348
0.001348
0.000558
0.000558
-0.000194
-0.000194
-0.000933
-0.000933
-0.001688
-0.001688
-0.002401
-0.002401
-0.003102
-0.003102
-0.003761
-0.003761
-0.004354
-0.004354
-0.004934
-0.004934
-0.005447
-0.005447
-0.005897
-0.005897
-0.006309
-0.006309
-0.006659
-0.006659
-0.006948
-0.006948
-0.007178
-0.007178
-0.007351
-0.007351
-0.007468
-0.007468
-0.007508
-0.007508
-0.007497
-0.007497
-0.007413
-0.007413
-0.007283
-0.007283
-0.007108
-0.007108
-0.006869
-0.006869
-0.006590
-0.006590
-0.006273
-0.006273
-0.005921
-0.005921
-0.005515
-0.005515
-0.005100
-0.005100
-0.004636
-0.004636
-0.004167
-0.004167
-0.003673
-0.003673
-0.003177
-0.003177
-0.002679
-0.002679
-0.002164
-0.002164
-0.001667
-0.001667
-0.001172
-0.001172
-0.000681
-0.000681
-0.000227
-0.000227
0.000000
0.000000
0.000418
0.000418
0.000832
0.000832
0.001224
0.001224
0.001566
0.001566
0.001889
0.001889
0.002179
0.002179
0.002438
0.002438
0.002666
0.002666
0.002839
0.002839
0.002998
0.002998
0.003108
0.003108
0.003194
0.003194
0.003237
0.003237
0.003259
0.003259
0.003244
0.003244
0.003193
0.003193
0.003129
0.003129
0.003034
0.003034
0.002922
0.002922
0.002785
0.002785
0.002635
0.002635
0.002474
0.002474
0.002296
0.002296
0.002111
0.002111
0.001922
0.001922
0.001729
0.001729
0.001535
0.001535
0.001341
0.001341
0.001155
0.001155
0.000971
0.000971
0.000796
0.000796
0.000631
0.000631
0.000476
0.000476
0.000331
0.000331
0.000197
0.000197
0.000077
0.000077
-0.000025
-0.000025
-0.000114
-0.000114
-0.000194
-0.000194
-0.000258
-0.000258
-0.000312
-0.000312
-0.000352
-0.000352
-0.000378
-0.000378
-0.000396
-0.000396
-0.000402
-0.000402
-0.000399
-0.000399
-0.000390
-0.000390
-0.000373
-0.000373
-0.000351
-0.000351
-0.000324
-0.000324
-0.000295
-0.000295
-0.000263
-0.000263
-0.000230
-0.000230
-0.000198
-0.000198
-0.000165
-0.000165
-0.000135
-0.000135
-0.000107
-0.000107
-0.000082
-0.000082
-0.000060
-0.000060
-0.000042
-0.000042
-0.000027
-0.000027
-0.000015
-0.000015
-0.000007
-0.000007
-0.000002
-0.000002
-0.000000
-0.000000



1 0.999901
2 0.999606
3 0.999113
4 0.998423
5 0.997537
6 0.996456
7 0.995179
8 0.993709
9 0.992045
10 0.990189
11 0.988141
12 0.985904
13 0.983479
14 0.980867
15 0.978070
16 0.975089
17 0.971927
18 0.968586
19 0.965067
20 0.961373
21 0.957506
22 0.953469
23 0.949264
24 0.944894
25 0.940361
26 0.935669
27 0.930819
28 0.925816
29 0.920663
30 0.915362
31 0.909917
32 0.904332
33 0.898609
34 0.892752
35 0.886765
36 0.880652
37 0.874416
38 0.868061
39 0.861591
40 0.855010
41 0.848322
42 0.841531
43 0.834641
44 0.827656
45 0.820580
46 0.813418
47 0.806174
48 0.798853
49 0.791457
50 0.783993
51 0.776464
52 0.768875
53 0.761230
54 0.753533
55 0.745790
56 0.738004
57 0.730180
58 0.722323
59 0.714436
60 0.706525
61 0.698594
62 0.690647
63 0.682689
64 0.674725
65 0.666757
66 0.658792
67 0.650833
68 0.642884
69 0.634951
70 0.627037
71 0.619145
72 0.611282
73 0.603450
74 0.595653
75 0.587897
76 0.580184
77 0.572518
78 0.564904
79 0.557345
80 0.549846
81 0.542408
82 0.535037
83 0.527736
84 0.520507
85 0.513355
86 0.506283
87 0.499295
88 0.492392
89 0.485578
90 0.478857
91 0.472231
92 0.465702
93 0.459275
94 0.452950
95 0.446731
96 0.440621
97 0.434621
98 0.428734
99 0.422962
100 0.417306
101 0.411770
102 0.406355
103 0.401062
104 0.395893
105 0.390850
106 0.385934
107 0.381147
108 0.376490
109 0.371964
110 0.367569
111 0.363307
112 0.359180
113 0.355186
114 0.351327
115 0.347604
116 0.344017
117 0.340565
118 0.337250
119 0.334071
120 0.331028
121 0.328121
122 0.325350
123 0.322714
124 0.320212
125 0.317845
126 0.315611
127 0.313509
128 0.311539
129 0.309699
130 0.307988
131 0.306405
132 0.304948
133 0.303616
134 0.302408
135 0.301321
136 0.300354
137 0.299505
138 0.298772
139 0.298152
140 0.297644
141 0.297246
142 0.296955
143 0.296768
144 0.296683
145 0.296699
146 0.296811
147 0.297017
148 0.297315
149 0.297702
150 0.298175
151 0.298731
152 0.299367
153 0.300080
154 0.300868
155 0.301726
156 0.302653
157 0.303645
158 0.304699
159 0.305811
160 0.306979
161 0.308200
162 0.309470
163 0.310786
164 0.312145
165 0.313544
166 0.314979
167 0.316449
168 0.317948
169 0.319475
170 0.321026
171 0.322598
172 0.324188
173 0.325794
174 0.327411
175 0.329037
176 0.330669
177 0.332304
178 0.333939
179 0.335572
180 0.337199
181 0.338818
182 0.340426
183 0.342021
184 0.343599
185 0.345159
186 0.346697
187 0.348211
188 0.349699
189 0.351159
190 0.352588
191 0.353983
192 0.355344
193 0.356667
194 0.357950
195 0.359192
196 0.360391
197 0.361545
198 0.362652
199 0.363711
200 0.364719
201 0.365676
202 0.366579
203 0.367428
204 0.368221
205 0.368956
206 0.369634
207 0.370252
208 0.370810
209 0.371306
210 0.371740
211 0.372111
212 0.372419
213 0.372662
214 0.372841
215 0.372955
216 0.373003
217 0.372985
218 0.372901
219 0.372751
220 0.372535
221 0.372252
222 0.371904
223 0.371490
224 0.371010
225 0.370466
226 0.369856
227 0.369182
228 0.368445
229 0.367644
230 0.366781
231 0.365857
232 0.364872
233 0.363828
234 0.362724
235 0.361564
236 0.360346
237 0.359074
238 0.357748
239 0.356368
240 0.354938
241 0.353458
242 0.351930
243 0.350355
244 0.348735
245 0.347071
246 0.345366
247 0.343621
248 0.341838
249 0.340019
250 0.338165
251 0.336279
252 0.334363
253 0.332418
254 0.330447
255 0.328452
256 0.326435
257 0.324398
258 0.322343
259 0.320273
260 0.318189
261 0.316095
262 0.313992
263 0.311882
264 0.309769
265 0.307653
266 0.305538
267 0.303426
268 0.301319
269 0.299220
270 0.297130
271 0.295053
272 0.292990
273 0.290944
274 0.288917
275 0.286911
276 0.284929
277 0.282973
278 0.281045
279 0.279147
280 0.277282
281 0.275452
282 0.273658
283 0.271902
284 0.270188
285 0.268516
286 0.266888
287 0.265307
288 0.263774
289 0.262292
290 0.260860
291 0.259482
292 0.258159
293 0.256891
294 0.255682
295 0.254531
296 0.253440
297 0.252410
298 0.251443
299 0.250538
300 0.249698
301 0.248922
302 0.248212
303 0.247568
304 0.246990
305 0.246480
306 0.246036
307 0.245660
308 0.245351
309 0.245110
310 0.244936
311 0.244829
312 0.244789
313 0.244816
314 0.244908
315 0.245066
316 0.245289
317 0.245576
318 0.245926
319 0.246339
320 0.246812
321 0.247347
322 0.247940
323 0.248592
324 0.249300
325 0.250064
326 0.250882
327 0.251752
328 0.252674
329 0.253646
330 0.254666
331 0.255733
332 0.256845
333 0.258000
334 0.259196
335 0.260432
336 0.261707
337 0.263018
338 0.264363
339 0.265741
340 0.267150
341 0.268587
342 0.270052
343 0.271541
344 0.273054
345 0.274588
346 0.276141
347 0.277712
348 0.279297
349 0.280896
350 0.282507
351 0.284127
352 0.285754
353 0.287387
354 0.289024
355 0.290661
356 0.292299
357 0.293934
358 0.295565
359 0.297189
360 0.298805
361 0.300411
362 0.302005
363 0.303585
364 0.305149
365 0.306695
366 0.308222
367 0.309727
368 0.311209
369 0.312666
370 0.314096
371 0.315498
372 0.316870
373 0.318209
374 0.319515
375 0.320786
376 0.322020
377 0.323216
378 0.324372
379 0.325486
380 0.326557
381 0.327585
382 0.328566
383 0.329501
384 0.330387
3