buff size is 1024 
tmp = : 5804
loops : 861
dev handle : 19606376
device opened 
interface 2 claimed 
876
876
834
834
789
789
746
746
702
702
658
658
614
614
572
572
531
531
489
489
447
447
406
406
367
367
329
329
289
289
252
252
214
214
176
176
143
143
109
109
78
78
43
43
11
11
-19
-19
-48
-48
-74
-74
-103
-103
-131
-131
-156
-156
-184
-184
-209
-209
-233
-233
-257
-257
-283
-283
-305
-305
-327
-327
-349
-349
-370
-370
-393
-393
-415
-415
-437
-437
-460
-460
-479
-479
-502
-502
-522
-522
-545
-545
-565
-565
-589
-589
-611
-611
-631
-631
-657
-657
-678
-678
-698
-698
-720
-720
-742
-742
-764
-764
-785
-785
-805
-805
-825
-825
-848
-848
-869
-869
-887
-887
-906
-906
-927
-927
-946
-946
-966
-966
-982
-982
-999
-999
-1014
-1014
-1032
-1032
-1046
-1046
-1060
-1060
-1074
-1074
-1083
-1083
-1096
-1096
-1108
-1108
-1116
-1116
-1124
-1124
-1132
-1132
-1138
-1138
-1144
-1144
-1149
-1149
-1152
-1152
-1155
-1155
-1154
-1154
-1154
-1154
-1155
-1155
-1151
-1151
-1151
-1151
-1146
-1146
-1141
-1141
-1135
-1135
-1131
-1131
-1125
-1125
-1114
-1114
-1105
-1105
-1097
-1097
-1088
-1088
-1081
-1081
-1069
-1069
-1058
-1058
-1045
-1045
-1034
-1034
-1022
-1022
-1012
-1012
-998
-998
-987
-987
-971
-971
-959
-959
-947
-947
-934
-934
-920
-920
-907
-907
-893
-893
-881
-881
-868
-868
-855
-855
-842
-842
-828
-828
-814
-814
-800
-800
-790
-790
-774
-774
-762
-762
-748
-748
-736
-736
-723
-723
-710
-710
-695
-695
-683
-683
-669
-669
-656
-656
-644
-644
-632
-632
-620
-620
-604
-604
-594
-594
-583
-583
-567
-567
-555
-555
-545
-545
-531
-531
-518
-518
-507
-507
-495
-495
-483
-483
-471
-471
-459
-459
-448
-448
-438
-438
-429
-429
-418
-418
-409
-409
-402
-402
-393
-393
-386
-386
-377
-377
-372
-372
-367
-367
-362
-362
-356
-356
-353
-353
-348
-348
-347
-347
-347
-347
-347
-347
-345
-345
-348
-348
-352
-352
-354
-354
-360
-360
-365
-365
-372
-372
-381
-381
-387
-387
-398
-398
-410
-410
-417
-417
-430
-430
-443
-443
-457
-457
-472
-472
-485
-485
-502
-502
-514
-514
-532
-532
-549
-549
-566
-566
-581
-581
-599
-599
-616
-616
-632
-632
-651
-651
-670
-670
-684
-684
-700
-700
-715
-715
-732
-732
-744
-744
-756
-756
-766
-766
-777
-777
-785
-785
-793
-793
-801
-801
-804
-804
-806
-806
-806
-806
-805
-805
-804
-804
-798
-798
-790
-790
-781
-781
-770
-770
-756
-756
-742
-742
-727
-727
-705
-705
-684
-684
-660
-660
-635
-635
-609
-609
-577
-577
-548
-548
-514
-514
-477
-477
-442
-442
-404
-404
-363
-363
-324
-324
-281
-281
-236
-236
-191
-191
-148
-148
-104
-104
-55
-55
-8
-8
39
39
85
85
133
133
182
182
230
230
276
276
324
324
368
368
414
414
456
456
499
499
541
541
583
583
621
621
659
659
696
696
730
730
763
763
796
796
846
846
829
829
810
810
798
798
780
780
761
761
745
745
730
730
710
710
693
693
675
675
656
656
637
637
619
619
598
598
578
578
559
559
538
538
518
518
494
494
477
477
453
453
431
431
409
409
385
385
362
362
339
339
316
316
290
290
266
266
240
240
216
216
191
191
164
164
136
136
108
108
83
83
52
52
28
28
-4
-4
-31
-31
-62
-62
-91
-91
-121
-121
-149
-149
-180
-180
-214
-214
-241
-241
-270
-270
-302
-302
-332
-332
-362
-362
-393
-393
-422
-422
-452
-452
-481
-481
-511
-511
-541
-541
-570
-570
-599
-599
-628
-628
-656
-656
-683
-683
-711
-711
-737
-737
-763
-763
-786
-786
-810
-810
-835
-835
-857
-857
-879
-879
-899
-899
-918
-918
-937
-937
-957
-957
-972
-972
-989
-989
-1001
-1001
-1016
-1016
-1030
-1030
-1043
-1043
-1052
-1052
-1060
-1060
-1068
-1068
-1076
-1076
-1081
-1081
-1086
-1086
-1090
-1090
-1091
-1091
-1088
-1088
-1089
-1089
-1089
-1089
-1087
-1087
-1084
-1084
-1082
-1082
-1075
-1075
-1068
-1068
-1062
-1062
-1054
-1054
-1044
-1044
-1033
-1033
-1023
-1023
-1012
-1012
-997
-997
-986
-986
-974
-974
-961
-961
-945
-945
-929
-929
-915
-915
-899
-899
-884
-884
-867
-867
-853
-853
-833
-833
-818
-818
-803
-803
-786
-786
-769
-769
-754
-754
-737
-737
-720
-720
-704
-704
-691
-691
-676
-676
-660
-660
-648
-648
-634
-634
-622
-622
-610
-610
-600
-600
-588
-588
-579
-579
-569
-569
-564
-564
-557
-557
-550
-550
-544
-544
-539
-539
-538
-538
-536
-536
-535
-535
-533
-533
-532
-532
-535
-535
-534
-534
-538
-538
-540
-540
-546
-546
-552
-552
-558
-558
-565
-565
-572
-572
-579
-579
-588
-588
-598
-598
-610
-610
-622
-622
-629
-629
-641
-641
-653
-653
-663
-663
-676
-676
-687
-687
-699
-699
-712
-712
-724
-724
-736
-736
-747
-747
-759
-759
-767
-767
-777
-777
-788
-788
-796
-796
-805
-805
-811
-811
-817
-817
-824
-824
-828
-828
-833
-833
-837
-837
-840
-840
-838
-838
-838
-838
-840
-840
-835
-835
-832
-832
-827
-827
-823
-823
-814
-814
-806
-806
-795
-795
-784
-784
-770
-770
-758
-758
-744
-744
-723
-723
-709
-709
-691
-691
-674
-674
-652
-652
-632
-632
-609
-609
-583
-583
-561
-561
-537
-537
-510
-510
-482
-482
-456
-456
-428
-428
-401
-401
-372
-372
-343
-343
-314
-314
-283
-283
-254
-254
-225
-225
-197
-197
-166
-166
-137
-137
-107
-107
-77
-77
-50
-50
-20
-20
8
8
37
37
63
63
93
93
117
117
144
144
169
169
194
194
217
217
239
239
259
259
282
282
299
299
320
320
335
335
352
352
370
370
387
387
400
400
413
413
424
424
436
436
447
447
455
455
466
466
472
472
479
479
486
486
490
490
495
495
499
499
498
498
172
172
154
154
131
131
112
112
93
93
75
75
58
58
38
38
21
21
3
3
-14
-14
-30
-30
-46
-46
-63
-63
-77
-77
-90
-90
-101
-101
-111
-111
-124
-124
-135
-135
-148
-148
-162
-162
-172
-172
-185
-185
-195
-195
-206
-206
-216
-216
-227
-227
-236
-236
-243
-243
-249
-249
-259
-259
-265
-265
-270
-270
-276
-276
-283
-283
-288
-288
-294
-294
-298
-298
-302
-302
-304
-304
-309
-309
-313
-313
-316
-316
-320
-320
-325
-325
-328
-328
-330
-330
-334
-334
-339
-339
-342
-342
-346
-346
-350
-350
-353
-353
-356
-356
-361
-361
-365
-365
-368
-368
-370
-370
-375
-375
-379
-379
-384
-384
-389
-389
-394
-394
-399
-399
-404
-404
-410
-410
-417
-417
-422
-422
-431
-431
-438
-438
-445
-445
-455
-455
-463
-463
-471
-471
-478
-478
-488
-488
-498
-498
-507
-507
-519
-519
-530
-530
-539
-539
-546
-546
-560
-560
-571
-571
-581
-581
-594
-594
-603
-603
-616
-616
-626
-626
-638
-638
-651
-651
-661
-661
-673
-673
-686
-686
-698
-698
-711
-711
-724
-724
-734
-734
-743
-743
-754
-754
-765
-765
-774
-774
-785
-785
-795
-795
-804
-804
-812
-812
-822
-822
-829
-829
-837
-837
-845
-845
-852
-852
-859
-859
-863
-863
-871
-871
-876
-876
-879
-879
-883
-883
-886
-886
-886
-886
-889
-889
-892
-892
-892
-892
-890
-890
-889
-889
-888
-888
-885
-885
-884
-884
-883
-883
-877
-877
-873
-873
-869
-869
-866
-866
-857
-857
-850
-850
-843
-843
-835
-835
-829
-829
-819
-819
-811
-811
-803
-803
-791
-791
-781
-781
-771
-771
-759
-759
-750
-750
-739
-739
-726
-726
-713
-713
-701
-701
-690
-690
-675
-675
-661
-661
-649
-649
-635
-635
-622
-622
-607
-607
-593
-593
-578
-578
-565
-565
-551
-551
-536
-536
-521
-521
-508
-508
-494
-494
-481
-481
-467
-467
-452
-452
-438
-438
-424
-424
-411
-411
-397
-397
-385
-385
-372
-372
-357
-357
-344
-344
-330
-330
-317
-317
-305
-305
-293
-293
-282
-282
-270
-270
-257
-257
-245
-245
-236
-236
-222
-222
-210
-210
-202
-202
-189
-189
-179
-179
-170
-170
-158
-158
-148
-148
-138
-138
-127
-127
-117
-117
-108
-108
-99
-99
-89
-89
-80
-80
-70
-70
-63
-63
-54
-54
-45
-45
-34
-34
-27
-27
-20
-20
-11
-11
-5
-5
5
5
13
13
19
19
28
28
37
37
44
44
51
51
59
59
64
64
73
73
79
79
88
88
93
93
102
102
110
110
117
117
122
122
130
130
136
136
144
144
150
150
157
157
161
161
170
170
175
175
182
182
188
188
194
194
199
199
203
203
210
210
217
217
222
222
227
227
231
231
237
237
243
243
247
247
252
252
257
257
258
258
265
265
270
270
271
271
276
276
279
279
281
281
137
137
132
132
122
122
116
116
107
107
102
102
94
94
86
86
79
79
71
71
61
61
56
56
47
47
40
40
30
30
24
24
16
16
8
8
1
1
-6
-6
-15
-15
-23
-23
-28
-28
-40
-40
-48
-48
-57
-57
-65
-65
-75
-75
-84
-84
-91
-91
-100
-100
-108
-108
-117
-117
-125
-125
-133
-133
-142
-142
-149
-149
-159
-159
-167
-167
-174
-174
-183
-183
-192
-192
-200
-200
-208
-208
-219
-219
-226
-226
-236
-236
-243
-243
-253
-253
-261
-261
-268
-268
-278
-278
-284
-284
-289
-289
-296
-296
-306
-306
-313
-313
-321
-321
-332
-332
-341
-341
-350
-350
-363
-363
-371
-371
-377
-377
-387
-387
-396
-396
-405
-405
-411
-411
-421
-421
-430
-430
-437
-437
-447
-447
-454
-454
-461
-461
-469
-469
-473
-473
-484
-484
-489
-489
-498
-498
-506
-506
-510
-510
-519
-519
-524
-524
-534
-534
-538
-538
