0 -97
1 -101
2 -105
3 -109
4 -113
5 -117
6 -121
7 -125
8 127
9 123
10 119
11 115
12 111
13 107
14 103
15 100
16 96
17 92
18 88
19 84
20 80
21 77
22 73
23 69
24 66
25 62
26 59
27 55
28 52
29 49
30 46
31 43
32 40
33 37
34 34
35 31
36 29
37 26
38 24
39 21
40 19
41 17
42 15
43 13
44 11
45 10
46 8
47 7
48 5
49 4
50 3
51 2
52 1
53 0
54 0
55 0
56 0
57 0
58 0
59 0
60 0
61 0
62 0
63 0
64 1
65 1
66 2
67 3
68 4
69 6
70 7
71 8
72 10
73 12
74 14
75 16
76 18
77 20
78 22
79 24
80 27
81 29
82 32
83 35
84 38
85 41
86 44
87 47
88 50
89 53
90 57
91 60
92 63
93 67
94 70
95 74
96 78
97 82
98 85
99 89
100 93
101 97
102 101
103 105
104 109
105 113
106 117
107 121
108 125
109 127
110 -125
111 -121
112 -117
113 -113
114 -110
115 -106
116 -102
117 -98
118 -94
119 -90
120 -86
121 -82
122 -79
123 -75
124 -72
125 -68
126 -64
127 -61
128 -58
129 -54
130 -51
131 -48
132 -45
133 -42
134 -39
135 -36
136 -34
137 -31
138 -29
139 -26
140 -24
141 -22
142 -19
143 -17
144 -16
145 -14
146 -12
147 -11
148 -9
149 -8
150 -7
151 -6
152 -5
153 -4
154 -3
155 -3
156 -2
157 -2
158 -2
159 -2
160 -2
161 -2
162 -2
163 -2
164 -3
165 -4
166 -4
167 -5
168 -6
169 -8
170 -9
171 -10
172 -12
173 -13
174 -15
175 -17
176 -19
177 -21
178 -23
179 -26
180 -28
181 -30
182 -33
183 -36
184 -39
185 -41
186 -44
187 -47
188 -50
189 -54
190 -57
191 -60
192 -64
193 -67
194 -71
195 -74
196 -78
197 -82
198 -85
199 -89
200 -93
201 -97
202 -101
203 -105
204 -109
205 -113
206 -117
207 -121
208 -125
209 127
210 123
211 119
212 115
213 111
214 107
215 103
216 100
217 96
218 92
219 88
220 84
221 80
222 77
223 73
224 69
225 66
226 62
227 59
228 55
229 52
230 49
231 46
232 43
233 40
234 37
235 34
236 31
237 29
238 26
239 24
240 21
241 19
242 17
243 15
244 13
245 11
246 10
247 8
248 7
249 5
250 4
251 3
252 2
253 1
254 0
255 0
256 0
257 0
258 0
259 0
260 0
261 0
262 0
263 0
264 0
265 1
266 1
267 2
268 3
269 4
270 6
271 7
272 8
273 10
274 12
275 14
276 16
277 18
278 20
279 22
280 24
281 27
282 29
283 32
284 35
285 38
286 41
287 44
288 47
289 50
290 53
291 57
292 60
293 63
294 67
295 70
296 74
297 78
298 82
299 85
300 89
301 93
302 97
303 101
304 105
305 109
306 113
307 117
308 121
309 125
310 127
311 -125
312 -121
313 -117
314 -113
315 -110
316 -106
317 -102
318 -98
319 -94
320 -90
321 -86
322 -82
323 -79
324 -75
325 -72
326 -68
327 -64
328 -61
329 -58
330 -54
331 -51
332 -48
333 -45
334 -42
335 -39
336 -36
337 -34
338 -31
339 -29
340 -26
341 -24
342 -22
343 -19
344 -17
345 -16
346 -14
347 -12
348 -11
349 -9
350 -8
351 -7
352 -6
353 -5
354 -4
355 -3
356 -3
357 -2
358 -2
359 -2
360 -2
361 -2
362 -2
363 -2
364 -2
365 -3
366 -4
367 -4
368 -5
369 -6
370 -8
371 -9
372 -10
373 -12
374 -13
375 -15
376 -17
377 -19
378 -21
379 -23
380 -26
381 -28
382 -30
383 -33
384 -36
385 -39
386 -41
387 -44
388 -47
389 -50
390 -54
391 -57
392 -60
393 -64
394 -67
395 -71
396 -74
397 -78
398 -82
399 -85
400 -89
401 -93
402 -97
403 -101
404 -105
405 -109
406 -113
407 -117
408 -121
409 -125
410 127
411 123
412 119
413 115
414 111
415 107
416 103
417 100
418 96
419 92
420 88
421 84
422 80
423 77
424 73
425 69
426 66
427 62
428 59
429 55
430 52
431 49
432 46
433 43
434 40
435 37
436 34
437 31
438 29
439 26
440 24
441 21
442 19
443 17
444 15
445 13
446 11
447 10
448 8
449 7
450 5
451 4
452 3
453 2
454 1
455 0
456 0
457 0
458 0
459 0
460 0
461 0
462 0
463 0
464 0
465 0
466 1
467 1
468 2
469 3
470 4
471 6
472 7
473 8
474 10
475 12
476 14
477 16
478 18
479 20
480 22
481 24
482 27
483 29
484 32
485 35
486 38
487 41
488 44
489 47
490 50
491 53
492 57
493 60
494 63
495 67
496 70
497 74
498 78
499 82
500 85
501 89
502 93
503 97
504 101
505 105
506 109
507 113
508 117
509 121
510 125
511 127
512 -125
513 -121
514 -117
515 -113
516 -110
517 -106
518 -102
519 -98
520 -94
521 -90
522 -86
523 -82
524 -79
525 -75
526 -72
527 -68
528 -64
529 -61
530 -58
531 -54
532 -51
533 -48
534 -45
535 -42
536 -39
537 -36
538 -34
539 -31
540 -29
541 -26
542 -24
543 -22
544 -19
545 -17
546 -16
547 -14
548 -12
549 -11
550 -9
551 -8
552 -7
553 -6
554 -5
555 -4
556 -3
557 -3
558 -2
559 -2
560 -2
561 -2
562 -2
563 -2
564 -2
565 -2
566 -3
567 -4
568 -4
569 -5
570 -6
571 -8
572 -9
573 -10
574 -12
575 -13
576 -15
577 -17
578 -19
579 -21
580 -23
581 -26
582 -28
583 -30
584 -33
585 -36
586 -39
587 -41
588 -44
589 -47
590 -50
591 -54
592 -57
593 -60
594 -64
595 -67
596 -71
597 -74
598 -78
599 -82
600 -85
601 -89
602 -93
603 -97
604 -101
605 -105
606 -109
607 -113
608 -117
609 -121
610 -125
611 127
612 123
613 119
614 115
615 111
616 107
617 103
618 100
619 96
620 92
621 88
622 84
623 80
624 77
625 73
626 69
627 66
628 62
629 59
630 55
631 52
632 49
633 46
634 43
635 40
636 37
637 34
638 31
639 29
640 26
641 24
642 21
643 19
644 17
645 15
646 13
647 11
648 10
649 8
650 7
651 5
652 4
653 3
654 2
655 1
656 0
657 0
658 0
659 0
660 0
661 0
662 0
663 0
664 0
665 0
666 0
667 1
668 1
669 2
670 3
671 4
672 6
673 7
674 8
675 10
676 12
677 14
678 16
679 18
680 20
681 22
682 24
683 27
684 29
685 32
686 35
687 38
688 41
689 44
690 47
691 50
692 53
693 57
694 60
695 63
696 67
697 70
698 74
699 78
700 82
701 85
702 89
703 93
704 97
705 101
706 105
707 109
708 113
709 117
710 121
711 125
712 127
713 -125
714 -121
715 -117
716 -113
717 -110
718 -106
719 -102
720 -98
721 -94
722 -90
723 -86
724 -82
725 -79
726 -75
727 -72
728 -68
729 -64
730 -61
731 -58
732 -54
733 -51
734 -48
735 -45
736 -42
737 -39
738 -36
739 -34
740 -31
741 -29
742 -26
743 -24
744 -22
745 -19
746 -17
747 -16
748 -14
749 -12
750 -11
751 -9
752 -8
753 -7
754 -6
755 -5
756 -4
757 -3
758 -3
759 -2
760 -2
761 -2
762 -2
763 -2
764 -2
765 -2
766 -2
767 -3
768 -4
769 -4
770 -5
771 -6
772 -8
773 -9
774 -10
775 -12
776 -13
777 -15
778 -17
779 -19
780 -21
781 -23
782 -26
783 -28
784 -30
785 -33
786 -36
787 -39
788 -41
789 -44
790 -47
791 -50
792 -54
793 -57
794 -60
795 -64
796 -67
797 -71
798 -74
799 -78
800 -82
801 -85
802 -89
803 -93
804 -97
805 -101
806 -105
807 -109
808 -113
809 -117
810 -121
811 -125
812 127
813 123
814 119
815 115
816 111
817 107
818 103
819 100
820 96
821 92
822 88
823 84
824 80
825 77
826 73
827 69
828 66
829 62
830 59
831 55
832 52
833 49
834 46
835 43
836 40
837 37
838 34
839 31
840 29
841 26
842 24
843 21
844 19
845 17
846 15
847 13
848 11
849 10
850 8
851 7
852 5
853 4
854 3
855 2
856 1
857 0
858 0
859 0
860 0
861 0
862 0
863 0
864 0
865 0
866 0
867 0
868 1
869 1
870 2
871 3
872 4
873 6
874 7
875 8
876 10
877 12
878 14
879 16
880 18
881 20
882 22
883 24
884 27
885 29
886 32
887 35
888 38
889 41
890 44
891 47
892 50
893 53
894 57
895 60
896 63
897 67
898 70
899 74
900 78
901 82
902 85
903 89
904 93
905 97
906 101
907 105
908 109
909 113
910 117
911 121
912 125
913 127
914 -125
915 -121
916 -117
917 -113
918 -110
919 -106
920 -102
921 -98
922 -94
923 -90
924 -86
925 -82
926 -79
927 -75
928 -72
929 -68
930 -64
931 -61
932 -58
933 -54
934 -51
935 -48
936 -45
937 -42
938 -39
939 -36
940 -34
941 -31
942 -29
943 -26
944 -24
945 -22
946 -19
947 -17
948 -16
949 -14
950 -12
951 -11
952 -9
953 -8
954 -7
955 -6
956 -5
957 -4
958 -3
959 -3
960 -2
961 -2
962 -2
963 -2
964 -2
965 -2
966 -2
967 -2
968 -3
969 -4
970 -4
971 -5
972 -6
973 -8
974 -9
975 -10
976 -12
977 -13
978 -15
979 -17
980 -19
981 -21
982 -23
983 -26
984 -28
985 -30
986 -33
987 -36
988 -39
989 -41
990 -44
991 -47
992 -50
993 -54
994 -57
995 -60
996 -64
997 -67
998 -71
999 -74
1000 -78
1001 -82
1002 -85
1003 -89
1004 -93
1005 -97
1006 -101
1007 -105
1008 -109
1009 -113
1010 -117
1011 -121
1012 -125
1013 127
1014 123
1015 119
1016 115
1017 111
1018 107
1019 103
1020 100
1021 96
1022 92
1023 88
1024 84
1025 80
1026 77
1027 73
1028 69
1029 66
1030 62
1031 59
1032 55
1033 52
1034 49
1035 46
1036 43
1037 40
1038 37
1039 34
1040 31
1041 29
1042 26
1043 24
1044 21
1045 19
1046 17
1047 15
1048 13
1049 11
1050 10
1051 8
1052 7
1053 5
1054 4
1055 3
1056 2
1057 1
1058 0
1059 0
1060 0
1061 0
1062 0
1063 0
1064 0
1065 0
1066 0
1067 0
1068 0
1069 1
1070 1
1071 2
1072 3
1073 4
1074 6
1075 7
1076 8
1077 10
1078 12
1079 14
1080 16
1081 18
1082 20
1083 22
1084 24
1085 27
1086 29
1087 32
1088 35
1089 38
1090 41
1091 44
1092 47
1093 50
1094 53
1095 57
1096 60
1097 63
1098 67
1099 70
1100 74
1101 78
1102 82
1103 85
1104 89
1105 93
1106 97
1107 101
1108 105
1109 109
1110 113
1111 117
1112 121
1113 125
1114 127
1115 -125
1116 -121
1117 -117
1118 -113
1119 -110
1120 -106
1121 -102
1122 -98
1123 -94
1124 -90
1125 -86
1126 -82
1127 -79
1128 -75
1129 -72
1130 -68
1131 -64
1132 -61
1133 -58
1134 -54
1135 -51
1136 -48
1137 -45
1138 -42
1139 -39
1140 -36
1141 -34
1142 -31
1143 -29
1144 -26
1145 -24
1146 -22
1147 -19
1148 -17
1149 -16
1150 -14
1151 -12
1152 -11
1153 -9
1154 -8
1155 -7
1156 -6
1157 -5
1158 -4
1159 -3
1160 -3
1161 -2
1162 -2
1163 -2
1164 -2
1165 -2
1166 -2
1167 -2
1168 -2
1169 -3
1170 -4
1171 -4
1172 -5
1173 -6
1174 -8
1175 -9
1176 -10
1177 -12
1178 -13
1179 -15
1180 -17
1181 -19
1182 -21
1183 -23
1184 -26
1185 -28
1186 -30
1187 -33
1188 -36
1189 -39
1190 -41
1191 -44
1192 -47
1193 -50
1194 -54
1195 -57
1196 -60
1197 -64
1198 -67
1199 -71
1200 -74
1201 -78
1202 -82
1203 -85
1204 -89
1205 -93
1206 -97
1207 -101
1208 -105
1209 -109
1210 -113
1211 -117
1212 -121
1213 -125
1214 127
1215 123
1216 119
1217 115
1218 111
1219 107
1220 103
1221 100
1222 96
1223 92
1224 88
1225 84
1226 80
1227 77
1228 73
1229 69
1230 66
1231 62
1232 59
1233 55
1234 52
1235 49
1236 46
1237 43
1238 40
1239 37
1240 34
1241 31
1242 29
1243 26
1244 24
1245 21
1246 19
1247 17
1248 15
1249 13
1250 11
1251 10
1252 8
1253 7
1254 5
1255 4
1256 3
1257 2
1258 1
1259 0
1260 0
1261 0
1262 0
1263 0
1264 0
1265 0
1266 0
1267 0
1268 0
1269 0
1270 1
1271 1
1272 2
1273 3
1274 4
1275 6
1276 7
1277 8
1278 10
1279 12
1280 14
1281 16
1282 18
1283 20
1284 22
1285 24
1286 27
1287 29
1288 32
1289 35
1290 38
1291 41
1292 44
1293 47
1294 50
1295 53
1296 57
1297 60
1298 63
1299 67
1300 70
1301 74
1302 78
1303 82
1304 85
1305 89
1306 93
1307 97
1308 101
1309 105
1310 109
1311 113
1312 117
1313 121
1314 125
1315 127
1316 -125
1317 -121
1318 -117
1319 -113
1320 -110
1321 -106
1322 -102
1323 -98
1324 -94
1325 -90
1326 -86
1327 -82
1328 -79
1329 -75
1330 -72
1331 -68
1332 -64
1333 -61
1334 -58
1335 -54
1336 -51
1337 -48
1338 -45
1339 -42
1340 -39
1341 -36
1342 -34
1343 -31
1344 -29
1345 -26
1346 -24
1347 -22
1348 -19
1349 -17
1350 -16
1351 -14
1352 -12
1353 -11
1354 -9
1355 -8
1356 -7
1357 -6
1358 -5
1359 -4
1360 -3
1361 -3
1362 -2
1363 -2
1364 -2
1365 -2
1366 -2
1367 -2
1368 -2
1369 -2
1370 -3
1371 -4
1372 -4
1373 -5
1374 -6
1375 -8
1376 -9
1377 -10
1378 -12
1379 -13
1380 -15
1381 -17
1382 -19
1383 -21
1384 -23
1385 -26
1386 -28
1387 -30
1388 -33
1389 -36
1390 -39
1391 -41
1392 -44
1393 -47
1394 -50
1395 -54
1396 -57
1397 -60
1398 -64
1399 -67
1400 -71
1401 -74
1402 -78
1403 -82
1404 -85
1405 -89
1406 -93
1407 -97
1408 -101
1409 -105
1410 -109
1411 -113
1412 -117
1413 -121
1414 -125
1415 127
1416 123
1417 119
1418 115
1419 111
1420 107
1421 103
1422 100
1423 96
1424 92
1425 88
1426 84
1427 80
1428 77
1429 73
1430 69
1431 66
1432 62
1433 59
1434 55
1435 52
1436 49
1437 46
1438 43
1439 40
1440 37
1441 34
1442 31
1443 29
1444 26
1445 24
1446 21
1447 19
1448 17
1449 15
1450 13
1451 11
1452 10
1453 8
1454 7
1455 5
1456 4
1457 3
1458 2
1459 1
1460 0
1461 0
1462 0
1463 0
1464 0
1465 0
1466 0
1467 0
1468 0
1469 0
1470 0
1471 1
1472 1
1473 2
1474 3
1475 4
1476 6
1477 7
1478 8
1479 10
1480 12
1481 14
1482 16
1483 18
1484 20
1485 22
1486 24
1487 27
1488 29
1489 32
1490 35
1491 38
1492 41
1493 44
1494 47
1495 50
1496 53
1497 57
1498 60
1499 63
1500 67
1501 70
1502 74
1503 78
1504 82
1505 85
1506 89
1507 93
1508 97
1509 101
1510 105
1511 109
1512 113
1513 117
1514 121
1515 125
1516 127
1517 -125
1518 -121
1519 -117
1520 -113
1521 -110
1522 -106
1523 -102
1524 -98
1525 -94
1526 -90
1527 -86
1528 -82
1529 -79
1530 -75
1531 -72
1532 -68
1533 -64
1534 -61
1535 -58
1536 -54
1537 -51
1538 -48
1539 -45
1540 -42
1541 -39
1542 -36
1543 -34
1544 -31
1545 -29
1546 -26
1547 -24
1548 -22
1549 -19
1550 -17
1551 -16
1552 -14
1553 -12
1554 -11
1555 -9
1556 -8
1557 -7
1558 -6
1559 -5
1560 -4
1561 -3
1562 -3
1563 -2
1564 -2
1565 -2
1566 -2
1567 -2
1568 -2
1569 -2
1570 -2
1571 -3
1572 -4
1573 -4
1574 -5
1575 -6
1576 -8
1577 -9
1578 -10
1579 -12
1580 -13
1581 -15
1582 -17
1583 -19
1584 -21
1585 -23
1586 -26
1587 -28
1588 -30
1589 -33
1590 -36
1591 -39
1592 -41
1593 -44
1594 -47
1595 -50
1596 -54
1597 -57
1598 -60
1599 -64
1600 -67
1601 -71
1602 -74
1603 -78
1604 -82
1605 -85
1606 -89
1607 -93
1608 -97
1609 -101
1610 -105
1611 -109
1612 -113
1613 -117
1614 -121
1615 -125
1616 127
1617 123
1618 119
1619 115
1620 111
1621 107
1622 103
1623 100
1624 96
1625 92
1626 88
1627 84
1628 80
1629 77
1630 73
1631 69
1632 66
1633 62
1634 59
1635 55
1636 52
1637 49
1638 46
1639 43
1640 40
1641 37
1642 34
1643 31
1644 29
1645 26
1646 24
1647 21
1648 19
1649 17
1650 15
1651 13
1652 11
1653 10
1654 8
1655 7
1656 5
1657 4
1658 3
1659 2
1660 1
1661 0
1662 0
1663 0
1664 0
1665 0
1666 0
1667 0
1668 0
1669 0
1670 0
1671 0
1672 1
1673 1
1674 2
1675 3
1676 4
1677 6
1678 7
1679 8
1680 10
1681 12
1682 14
1683 16
1684 18
1685 20
1686 22
1687 24
1688 27
1689 29
1690 32
1691 35
1692 38
1693 41
1694 44
1695 47
1696 50
1697 53
1698 57
1699 60
1700 63
1701 67
1702 70
1703 74
1704 78
1705 82
1706 85
1707 89
1708 93
1709 97
1710 101
1711 105
1712 109
1713 113
1714 117
1715 121
1716 125
1717 127
1718 -125
1719 -121
1720 -117
1721 -113
1722 -110
1723 -106
1724 -102
1725 -98
1726 -94
1727 -90
1728 -86
1729 -82
1730 -79
1731 -75
1732 -72
1733 -68
1734 -64
1735 -61
1736 -58
1737 -54
1738 -51
1739 -48
1740 -45
1741 -42
1742 -39
1743 -36
1744 -34
1745 -31
1746 -29
1747 -26
1748 -24
1749 -22
1750 -19
1751 -17
1752 -16
1753 -14
1754 -12
1755 -11
1756 -9
1757 -8
1758 -7
1759 -6
1760 -5
1761 -4
1762 -3
1763 -3
1764 -2
1765 -2
1766 -2
1767 -2
1768 -2
1769 -2
1770 -2
1771 -2
1772 -3
1773 -4
1774 -4
1775 -5
1776 -6
1777 -8
1778 -9
1779 -10
1780 -12
1781 -13
1782 -15
1783 -17
1784 -19
1785 -21
1786 -23
1787 -26
1788 -28
1789 -30
1790 -33
1791 -36
1792 -39
1793 -41
1794 -44
1795 -47
1796 -50
1797 -54
1798 -57
1799 -60
1800 -64
1801 -67
1802 -71
1803 -74
1804 -78
1805 -82
1806 -85
1807 -89
1808 -93
1809 -97
1810 -101
1811 -105
1812 -109
1813 -113
1814 -117
1815 -121
1816 -125
1817 127
1818 123
1819 119
1820 115
1821 111
1822 107
1823 103
1824 100
1825 96
1826 92
1827 88
1828 84
1829 80
1830 77
1831 73
1832 69
1833 66
1834 62
1835 59
1836 55
1837 52
1838 49
1839 46
1840 43
1841 40
1842 37
1843 34
1844 31
1845 29
1846 26
1847 24
1848 21
1849 19
1850 17
1851 15
1852 13
1853 11
1854 10
1855 8
1856 7
1857 5
1858 4
1859 3
1860 2
1861 1
1862 0
1863 0
1864 0
1865 0
1866 0
1867 0
1868 0
1869 0
1870 0
1871 0
1872 0
1873 1
1874 1
1875 2
1876 3
1877 4
1878 6
1879 7
1880 8
1881 10
1882 12
1883 14
1884 16
1885 18
1886 20
1887 22
1888 24
1889 27
1890 29
1891 32
1892 35
1893 38
1894 41
1895 44
1896 47
1897 50
1898 53
1899 57
1900 60
1901 63
1902 67
1903 70
1904 74
1905 78
1906 82
1907 85
1908 89
1909 93
1910 97
1911 101
1912 105
1913 109
1914 113
1915 117
1916 121
1917 125
1918 127
1919 -125
1920 -121
1921 -117
1922 -113
1923 -110
1924 -106
1925 -102
1926 -98
1927 -94
1928 -90
1929 -86
1930 -82
1931 -79
1932 -75
1933 -72
1934 -68
1935 -64
1936 -61
1937 -58
1938 -54
1939 -51
1940 -48
1941 -45
1942 -42
1943 -39
1944 -36
1945 -34
1946 -31
1947 -29
1948 -26
1949 -24
1950 -22
1951 -19
1952 -17
1953 -16
1954 -14
1955 -12
1956 -11
1957 -9
1958 -8
1959 -7
1960 -6
1961 -5
1962 -4
1963 -3
1964 -3
1965 -2
1966 -2
1967 -2
1968 -2
1969 -2
1970 -2
1971 -2
1972 -2
1973 -3
1974 -4
1975 -4
1976 -5
1977 -6
1978 -8
1979 -9
1980 -10
1981 -12
1982 -13
1983 -15
1984 -17
1985 -19
1986 -21
1987 -23
1988 -26
1989 -28
1990 -30
1991 -33
1992 -36
1993 -39
1994 -41
1995 -44
1996 -47
1997 -50
1998 -54
1999 -57
2000 -60
2001 -64
2002 -67
2003 -71
2004 -74
2005 -78
2006 -82
2007 -85
2008 -89
2009 -93
2010 -97
2011 -101
2012 -105
2013 -109
2014 -113
2015 -117
2016 -121
2017 -125
2018 127
2019 123
2020 119
2021 115
2022 111
2023 107
2024 103
2025 100
2026 96
2027 92
2028 88
2029 84
2030 80
2031 77
2032 73
2033 69
2034 66
2035 62
2036 59
2037 55
2038 52
2039 49
2040 46
2041 43
2042 40
2043 37
2044 34
2045 31
2046 29
2047 26
2048 24
2049 21
2050 19
2051 17
2052 15
2053 13
2054 11
2055 10
2056 8
2057 7
2058 5
2059 4
2060 3
2061 2
2062 1
2063 0
2064 0
2065 0
2066 0
2067 0
2068 0
2069 0
2070 0
2071 0
2072 0
2073 0
2074 1
2075 1
2076 2
2077 3
2078 4
2079 6
2080 7
2081 8
2082 10
2083 12
2084 14
2085 16
2086 18
2087 20
2088 22
2089 24
2090 27
2091 29
2092 32
2093 35
2094 38
2095 41
2096 44
2097 47
2098 50
2099 53
2100 57
2101 60
2102 63
2103 67
2104 70
2105 74
2106 78
2107 82
2108 85
2109 89
2110 93
2111 97
2112 101
2113 105
2114 109
2115 113
2116 117
2117 121
2118 125
2119 127
2120 -125
2121 -121
2122 -117
2123 -113
2124 -110
2125 -106
2126 -102
2127 -98
2128 -94
2129 -90
2130 -86
2131 -82
2132 -79
2133 -75
2134 -72
2135 -68
2136 -64
2137 -61
2138 -58
2139 -54
2140 -51
2141 -48
2142 -45
2143 -42
2144 -39
2145 -36
2146 -34
2147 -31
2148 -29
2149 -26
2150 -24
2151 -22
2152 -19
2153 -17
2154 -16
2155 -14
2156 -12
2157 -11
2158 -9
2159 -8
2160 -7
2161 -6
2162 -5
2163 -4
2164 -3
2165 -3
2166 -2
2167 -2
2168 -2
2169 -2
2170 -2
2171 -2
2172 -2
2173 -2
2174 -3
2175 -4
2176 -4
2177 -5
2178 -6
2179 -8
2180 -9
2181 -10
2182 -12
2183 -13
2184 -15
2185 -17
2186 -19
2187 -21
2188 -23
2189 -26
2190 -28
2191 -30
2192 -33
2193 -36
2194 -39
2195 -41
2196 -44
2197 -47
2198 -50
2199 -54
2200 -57
2201 -60
2202 -64
2203 -67
2204 -71
2205 -74
2206 -78
2207 -82
2208 -85
2209 -89
2210 -93
2211 -97
2212 -101
2213 -105
2214 -109
2215 -113
2216 -117
2217 -121
2218 -125
2219 127
2220 123
2221 119
2222 115
2223 111
2224 107
2225 103
2226 100
2227 96
2228 92
2229 88
2230 84
2231 80
2232 77
2233 73
2234 69
2235 66
2236 62
2237 59
2238 55
2239 52
2240 49
2241 46
2242 43
2243 40
2244 37
2245 34
2246 31
2247 29
2248 26
2249 24
2250 21
2251 19
2252 17
2253 15
2254 13
2255 11
2256 10
2257 8
2258 7
2259 5
2260 4
2261 3
2262 2
2263 1
2264 0
2265 0
2266 0
2267 0
2268 0
2269 0
2270 0
2271 0
2272 0
2273 0
2274 0
2275 1
2276 1
2277 2
2278 3
2279 4
2280 6
2281 7
2282 8
2283 10
2284 12
2285 14
2286 16
2287 18
2288 20
2289 22
2290 24
2291 27
2292 29
2293 32
2294 35
2295 38
2296 41
2297 44
2298 47
2299 50
2300 53
2301 57
2302 60
2303 63
2304 67
2305 70
2306 74
2307 78
2308 82
2309 85
2310 89
2311 93
2312 97
2313 101
2314 105
2315 109
2316 113
2317 117
2318 121
2319 125
2320 127
2321 -125
2322 -121
2323 -117
2324 -113
2325 -110
2326 -106
2327 -102
2328 -98
2329 -94
2330 -90
2331 -86
2332 -82
2333 -79
2334 -75
2335 -72
2336 -68
2337 -64
2338 -61
2339 -58
2340 -54
2341 -51
2342 -48
2343 -45
2344 -42
2345 -39
2346 -36
2347 -34
2348 -31
2349 -29
2350 -26
2351 -24
2352 -22
2353 -19
2354 -17
2355 -16
2356 -14
2357 -12
2358 -11
2359 -9
2360 -8
2361 -7
2362 -6
2363 -5
2364 -4
2365 -3
2366 -3
2367 -2
2368 -2
2369 -2
2370 -2
2371 -2
2372 -2
2373 -2
2374 -2
2375 -3
2376 -4
2377 -4
2378 -5
2379 -6
2380 -8
2381 -9
2382 -10
2383 -12
2384 -13
2385 -15
2386 -17
2387 -19
2388 -21
2389 -23
2390 -26
2391 -28
2392 -30
2393 -33
2394 -36
2395 -39
2396 -41
2397 -44
2398 -47
2399 -50
2400 -54
2401 -57
2402 -60
2403 -64
2404 -67
2405 -71
2406 -74
2407 -78
2408 -82
2409 -85
2410 -89
2411 -93
2412 -97
2413 -101
2414 -105
2415 -109
2416 -113
2417 -117
2418 -121
2419 -125
2420 127
2421 123
2422 119
2423 115
2424 111
2425 107
2426 103
2427 100
2428 96
2429 92
2430 88
2431 84
2432 80
2433 77
2434 73
2435 69
2436 66
2437 62
2438 59
2439 55
2440 52
2441 49
2442 46
2443 43
2444 40
2445 37
2446 34
2447 31
2448 29
2449 26
2450 24
2451 21
2452 19
2453 17
2454 15
2455 13
2456 11
2457 10
2458 8
2459 7
2460 5
2461 4
2462 3
2463 2
2464 1
2465 0
2466 0
2467 0
2468 0
2469 0
2470 0
2471 0
2472 0
2473 0
2474 0
2475 0
2476 1
2477 1
2478 2
2479 3
2480 4
2481 6
2482 7
2483 8
2484 10
2485 12
2486 14
2487 16
2488 18
2489 20
2490 22
2491 24
2492 27
2493 29
2494 32
2495 35
2496 38
2497 41
2498 44
2499 47
2500 50
2501 53
2502 57
2503 60
2504 63
2505 67
2506 70
2507 74
2508 78
2509 82
2510 85
2511 89
2512 93
2513 97
2514 101
2515 105
2516 109
2517 113
2518 117
2519 121
2520 125
2521 127
2522 -125
2523 -121
2524 -117
2525 -113
2526 -110
2527 -106
2528 -102
2529 -98
2530 -94
2531 -90
2532 -86
2533 -82
2534 -79
2535 -75
2536 -72
2537 -68
2538 -64
2539 -61
2540 -58
2541 -54
2542 -51
2543 -48
2544 -45
2545 -42
2546 -39
2547 -36
2548 -34
2549 -31
2550 -29
2551 -26
2552 -24
2553 -22
2554 -19
2555 -17
2556 -16
2557 -14
2558 -12
2559 -11
2560 -9
2561 -8
2562 -7
2563 -6
2564 -5
2565 -4
2566 -3
2567 -3
2568 -2
2569 -2
2570 -2
2571 -2
2572 -2
2573 -2
2574 -2
2575 -2
2576 -3
2577 -4
2578 -4
2579 -5
2580 -6
2581 -8
2582 -9
2583 -10
2584 -12
2585 -13
2586 -15
2587 -17
2588 -19
2589 -21
2590 -23
2591 -26
2592 -28
2593 -30
2594 -33
2595 -36
2596 -39
2597 -41
2598 -44
2599 -47
2600 -50
2601 -54
2602 -57
2603 -60
2604 -64
2605 -67
2606 -71
2607 -74
2608 -78
2609 -82
2610 -85
2611 -89
2612 -93
2613 -97
2614 -101
2615 -105
2616 -109
2617 -113
2618 -117
2619 -121
2620 -125
2621 127
2622 123
2623 119
2624 115
2625 111
2626 107
2627 103
2628 100
2629 96
2630 92
2631 88
2632 84
2633 80
2634 77
2635 73
2636 69
2637 66
2638 62
2639 59
2640 55
2641 52
2642 49
2643 46
2644 43
2645 40
2646 37
2647 34
2648 31
2649 29
2650 26
2651 24
2652 21
2653 19
2654 17
2655 15
2656 13
2657 11
2658 10
2659 8
2660 7
2661 5
2662 4
2663 3
2664 2
2665 1
2666 0
2667 0
2668 0
2669 0
2670 0
2671 0
2672 0
2673 0
2674 0
2675 0
2676 0
2677 1
2678 1
2679 2
2680 3
2681 4
2682 6
2683 7
2684 8
2685 10
2686 12
2687 14
2688 16
2689 18
2690 20
2691 22
2692 24
2693 27
2694 29
2695 32
2696 35
2697 38
2698 41
2699 44
2700 47
2701 50
2702 53
2703 57
2704 60
2705 63
2706 67
2707 70
2708 74
2709 78
2710 82
2711 85
2712 89
2713 93
2714 97
2715 101
2716 105
2717 109
2718 113
2719 117
2720 121
2721 125
2722 127
2723 -125
2724 -121
2725 -117
2726 -113
2727 -110
2728 -106
2729 -102
2730 -98
2731 -94
2732 -90
2733 -86
2734 -82
2735 -79
2736 -75
2737 -72
2738 -68
2739 -64
2740 -61
2741 -58
2742 -54
2743 -51
2744 -48
2745 -45
2746 -42
2747 -39
2748 -36
2749 -34
2750 -31
2751 -29
2752 -26
2753 -24
2754 -22
2755 -19
2756 -17
2757 -16
2758 -14
2759 -12
2760 -11
2761 -9
2762 -8
2763 -7
2764 -6
2765 -5
2766 -4
2767 -3
2768 -3
2769 -2
2770 -2
2771 -2
2772 -2
2773 -2
2774 -2
2775 -2
2776 -2
2777 -3
2778 -4
2779 -4
2780 -5
2781 -6
2782 -8
2783 -9
2784 -10
2785 -12
2786 -13
2787 -15
2788 -17
2789 -19
2790 -21
2791 -23
2792 -26
2793 -28
2794 -30
2795 -33
2796 -36
2797 -39
2798 -41
2799 -44
2800 -47
2801 -50
2802 -54
2803 -57
2804 -60
2805 -64
2806 -67
2807 -71
2808 -74
2809 -78
2810 -82
2811 -85
2812 -89
2813 -93
2814 -97
2815 -101
2816 -105
2817 -109
2818 -113
2819 -117
2820 -121
2821 -125
2822 127
2823 123
2824 119
2825 115
2826 111
2827 107
2828 103
2829 100
2830 96
2831 92
2832 88
2833 84
2834 80
2835 77
2836 73
2837 69
2838 66
2839 62
2840 59
2841 55
2842 52
2843 49
2844 46
2845 43
2846 40
2847 37
2848 34
2849 31
2850 29
2851 26
2852 24
2853 21
2854 19
2855 17
2856 15
2857 13
2858 11
2859 10
2860 8
2861 7
2862 5
2863 4
2864 3
2865 2
2866 1
2867 0
2868 0
2869 0
2870 0
2871 0
2872 0
2873 0
2874 0
2875 0
2876 0
2877 0
2878 1
2879 1
2880 2
2881 3
2882 4
2883 6
2884 7
2885 8
2886 10
2887 12
2888 14
2889 16
2890 18
2891 20
2892 22
2893 24
2894 27
2895 29
2896 32
2897 35
2898 38
2899 41
2900 44
2901 47
2902 50
2903 53
2904 57
2905 60
2906 63
2907 67
2908 70
2909 74
2910 78
2911 82
2912 85
2913 89
2914 93
2915 97
2916 101
2917 105
2918 109
2919 113
2920 117
2921 121
2922 125
2923 127
2924 -125
2925 -121
2926 -117
2927 -113
2928 -110
2929 -106
2930 -102
2931 -98
2932 -94
2933 -90
2934 -86
2935 -82
2936 -79
2937 -75
2938 -72
2939 -68
2940 -64
2941 -61
2942 -58
2943 -54
2944 -51
2945 -48
2946 -45
2947 -42
2948 -39
2949 -36
2950 -34
2951 -31
2952 -29
2953 -26
2954 -24
2955 -22
2956 -19
2957 -17
2958 -16
2959 -14
2960 -12
2961 -11
2962 -9
2963 -8
2964 -7
2965 -6
2966 -5
2967 -4
2968 -3
2969 -3
2970 -2
2971 -2
2972 -2
2973 -2
2974 -2
2975 -2
2976 -2
2977 -2
2978 -3
2979 -4
2980 -4
2981 -5
2982 -6
2983 -8
2984 -9
2985 -10
2986 -12
2987 -13
2988 -15
2989 -17
2990 -19
2991 -21
2992 -23
2993 -26
2994 -28
2995 -30
2996 -33
2997 -36
2998 -39
2999 -41
3000 -44
3001 -47
3002 -50
3003 -54
3004 -57
3005 -60
3006 -64
3007 -67
3008 -71
3009 -74
3010 -78
3011 -82
3012 -85
3013 -89
3014 -93
3015 -97
3016 -101
3017 -105
3018 -109
3019 -113
3020 -117
3021 -121
3022 -125
3023 127
3024 123
3025 119
3026 115
3027 111
3028 107
3029 103
3030 100
3031 96
3032 92
3033 88
3034 84
3035 80
3036 77
3037 73
3038 69
3039 66
3040 62
3041 59
3042 55
3043 52
3044 49
3045 46
3046 43
3047 40
3048 37
3049 34
3050 31
3051 29
3052 26
3053 24
3054 21
3055 19
3056 17
3057 15
3058 13
3059 11
3060 10
3061 8
3062 7
3063 5
3064 4
3065 3
3066 2
3067 1
3068 0
3069 0
3070 0
3071 0
3072 0
3073 0
3074 0
3075 0
3076 0
3077 0
3078 0
3079 1
3080 1
3081 2
3082 3
3083 4
3084 6
3085 7
3086 8
3087 10
3088 12
3089 14
3090 16
3091 18
3092 20
3093 22
3094 24
3095 27
3096 29
3097 32
3098 35
3099 38
3100 41
3101 44
3102 47
3103 50
3104 53
3105 57
3106 60
3107 63
3108 67
3109 70
3110 74
3111 78
3112 82
3113 85
3114 89
3115 93
3116 97
3117 101
3118 105
3119 109
3120 113
3121 117
3122 121
3123 125
3124 127
3125 -125
3126 -121
3127 -117
3128 -113
3129 -110
3130 -106
3131 -102
3132 -98
3133 -94
3134 -90
3135 -86
3136 -82
3137 -79
3138 -75
3139 -72
3140 -68
3141 -64
3142 -61
3143 -58
3144 -54
3145 -51
3146 -48
3147 -45
3148 -42
3149 -39
3150 -36
3151 -34
3152 -31
3153 -29
3154 -26
3155 -24
3156 -22
3157 -19
3158 -17
3159 -16
3160 -14
3161 -12
3162 -11
3163 -9
3164 -8
3165 -7
3166 -6
3167 -5
3168 -4
3169 -3
3170 -3
3171 -2
3172 -2
3173 -2
3174 -2
3175 -2
3176 -2
3177 -2
3178 -2
3179 -3
3180 -4
3181 -4
3182 -5
3183 -6
3184 -8
3185 -9
3186 -10
3187 -12
3188 -13
3189 -15
3190 -17
3191 -19
3192 -21
3193 -23
3194 -26
3195 -28
3196 -30
3197 -33
3198 -36
3199 -39
3200 -41
3201 -44
3202 -47
3203 -50
3204 -54
3205 -57
3206 -60
3207 -64
3208 -67
3209 -71
3210 -74
3211 -78
3212 -82
3213 -85
3214 -89
3215 -93
3216 -97
3217 -101
3218 -105
3219 -109
3220 -113
3221 -117
3222 -121
3223 -125
3224 127
3225 123
3226 119
3227 115
3228 111
3229 107
3230 103
3231 100
3232 96
3233 92
3234 88
3235 84
3236 80
3237 77
3238 73
3239 69
3240 66
3241 62
3242 59
3243 55
3244 52
3245 49
3246 46
3247 43
3248 40
3249 37
3250 34
3251 31
3252 29
3253 26
3254 24
3255 21
3256 19
3257 17
3258 15
3259 13
3260 11
3261 10
3262 8
3263 7
3264 5
3265 4
3266 3
3267 2
3268 1
3269 0
3270 0
3271 0
3272 0
3273 0
3274 0
3275 0
3276 0
3277 0
3278 0
3279 0
3280 1
3281 1
3282 2
3283 3
3284 4
3285 6
3286 7
3287 8
3288 10
3289 12
3290 14
3291 16
3292 18
3293 20
3294 22
3295 24
3296 27
3297 29
3298 32
3299 35
3300 38
3301 41
3302 44
3303 47
3304 50
3305 53
3306 57
3307 60
3308 63
3309 67
3310 70
3311 74
3312 78
3313 82
3314 85
3315 89
3316 93
3317 97
3318 101
3319 105
3320 109
3321 113
3322 117
3323 121
3324 125
3325 127
3326 -125
3327 -121
3328 -117
3329 -113
3330 -110
3331 -106
3332 -102
3333 -98
3334 -94
3335 -90
3336 -86
3337 -82
3338 -79
3339 -75
3340 -72
3341 -68
3342 -64
3343 -61
3344 -58
3345 -54
3346 -51
3347 -48
3348 -45
3349 -42
3350 -39
3351 -36
3352 -34
3353 -31
3354 -29
3355 -26
3356 -24
3357 -22
3358 -19
3359 -17
3360 -16
3361 -14
3362 -12
3363 -11
3364 -9
3365 -8
3366 -7
3367 -6
3368 -5
3369 -4
3370 -3
3371 -3
3372 -2
3373 -2
3374 -2
3375 -2
3376 -2
3377 -2
3378 -2
3379 -2
3380 -3
3381 -4
3382 -4
3383 -5
3384 -6
3385 -8
3386 -9
3387 -10
3388 -12
3389 -13
3390 -15
3391 -17
3392 -19
3393 -21
3394 -23
3395 -26
3396 -28
3397 -30
3398 -33
3399 -36
3400 -39
3401 -41
3402 -44
3403 -47
3404 -50
3405 -54
3406 -57
3407 -60
3408 -64
3409 -67
3410 -71
3411 -74
3412 -78
3413 -82
3414 -85
3415 -89
3416 -93
3417 -97
3418 -101
3419 -105
3420 -109
3421 -113
3422 -117
3423 -121
3424 -125
3425 127
3426 123
3427 119
3428 115
3429 111
3430 107
3431 103
3432 100
3433 96
3434 92
3435 88
3436 84
3437 80
3438 77
3439 73
3440 69
3441 66
3442 62
3443 59
3444 55
3445 52
3446 49
3447 46
3448 43
3449 40
3450 37
3451 34
3452 31
3453 29
3454 26
3455 24
3456 21
3457 19
3458 17
3459 15
3460 13
3461 11
3462 10
3463 8
3464 7
3465 5
3466 4
3467 3
3468 2
3469 1
3470 0
3471 0
3472 0
3473 0
3474 0
3475 0
3476 0
3477 0
3478 0
3479 0
3480 0
3481 1
3482 1
3483 2
3484 3
3485 4
3486 6
3487 7
3488 8
3489 10
3490 12
3491 14
3492 16
3493 18
3494 20
3495 22
3496 24
3497 27
3498 29
3499 32
3500 35
3501 38
3502 41
3503 44
3504 47
3505 50
3506 53
3507 57
3508 60
3509 63
3510 67
3511 70
3512 74
3513 78
3514 82
3515 85
3516 89
3517 93
3518 97
3519 101
3520 105
3521 109
3522 113
3523 117
3524 121
3525 125
3526 127
3527 -125
3528 -121
3529 -117
3530 -113
3531 -110
3532 -106
3533 -102
3534 -98
3535 -94
3536 -90
3537 -86
3538 -82
3539 -79
3540 -75
3541 -72
3542 -68
3543 -64
3544 -61
3545 -58
3546 -54
3547 -51
3548 -48
3549 -45
3550 -42
3551 -39
3552 -36
3553 -34
3554 -31
3555 -29
3556 -26
3557 -24
3558 -22
3559 -19
3560 -17
3561 -16
3562 -14
3563 -12
3564 -11
3565 -9
3566 -8
3567 -7
3568 -6
3569 -5
3570 -4
3571 -3
3572 -3
3573 -2
3574 -2
3575 -2
3576 -2
3577 -2
3578 -2
3579 -2
3580 -2
3581 -3
3582 -4
3583 -4
3584 -5
3585 -6
3586 -8
3587 -9
3588 -10
3589 -12
3590 -13
3591 -15
3592 -17
3593 -19
3594 -21
3595 -23
3596 -26
3597 -28
3598 -30
3599 -33
3600 -36
3601 -39
3602 -41
3603 -44
3604 -47
3605 -50
3606 -54
3607 -57
3608 -60
3609 -64
3610 -67
3611 -71
3612 -74
3613 -78
3614 -82
3615 -85
3616 -89
3617 -93
3618 -97
3619 -101
3620 -105
3621 -109
3622 -113
3623 -117
3624 -121
3625 -125
3626 127
3627 123
3628 119
3629 115
3630 111
3631 107
3632 103
3633 100
3634 96
3635 92
3636 88
3637 84
3638 80
3639 77
3640 73
3641 69
3642 66
3643 62
3644 59
3645 55
3646 52
3647 49
3648 46
3649 43
3650 40
3651 37
3652 34
3653 31
3654 29
3655 26
3656 24
3657 21
3658 19
3659 17
3660 15
3661 13
3662 11
3663 10
3664 8
3665 7
3666 5
3667 4
3668 3
3669 2
3670 1
3671 0
3672 0
3673 0
3674 0
3675 0
3676 0
3677 0
3678 0
3679 0
3680 0
3681 0
3682 1
3683 1
3684 2
3685 3
3686 4
3687 6
3688 7
3689 8
3690 10
3691 12
3692 14
3693 16
3694 18
3695 20
3696 22
3697 24
3698 27
3699 29
3700 32
3701 35
3702 38
3703 41
3704 44
3705 47
3706 50
3707 53
3708 57
3709 60
3710 63
3711 67
3712 70
3713 74
3714 78
3715 82
3716 85
3717 89
3718 93
3719 97
3720 101
3721 105
3722 109
3723 113
3724 117
3725 121
3726 125
3727 127
3728 -125
3729 -121
3730 -117
3731 -113
3732 -110
3733 -106
3734 -102
3735 -98
3736 -94
3737 -90
3738 -86
3739 -82
3740 -79
3741 -75
3742 -72
3743 -68
3744 -64
3745 -61
3746 -58
3747 -54
3748 -51
3749 -48
3750 -45
3751 -42
3752 -39
3753 -36
3754 -34
3755 -31
3756 -29
3757 -26
3758 -24
3759 -22
3760 -19
3761 -17
3762 -16
3763 -14
3764 -12
3765 -11
3766 -9
3767 -8
3768 -7
3769 -6
3770 -5
3771 -4
3772 -3
3773 -3
3774 -2
3775 -2
3776 -2
3777 -2
3778 -2
3779 -2
3780 -2
3781 -2
3782 -3
3783 -4
3784 -4
3785 -5
3786 -6
3787 -8
3788 -9
3789 -10
3790 -12
3791 -13
3792 -15
3793 -17
3794 -19
3795 -21
3796 -23
3797 -26
3798 -28
3799 -30
3800 -33
3801 -36
3802 -39
3803 -41
3804 -44
3805 -47
3806 -50
3807 -54
3808 -57
3809 -60
3810 -64
3811 -67
3812 -71
3813 -74
3814 -78
3815 -82
3816 -85
3817 -89
3818 -93
3819 -97
3820 -101
3821 -105
3822 -109
3823 -113
3824 -117
3825 -121
3826 -125
3827 127
3828 123
3829 119
3830 115
3831 111
3832 107
3833 103
3834 100
3835 96
3836 92
3837 88
3838 84
3839 80
3840 77
3841 73
3842 69
3843 66
3844 62
3845 59
3846 55
3847 52
3848 49
3849 46
3850 43
3851 40
3852 37
3853 34
3854 31
3855 29
3856 26
3857 24
3858 21
3859 19
3860 17
3861 15
3862 13
3863 11
3864 10
3865 8
3866 7
3867 5
3868 4
3869 3
3870 2
3871 1
3872 0
3873 0
3874 0
3875 0
3876 0
3877 0
3878 0
3879 0
3880 0
3881 0
3882 0
3883 1
3884 1
3885 2
3886 3
3887 4
3888 6
3889 7
3890 8
3891 10
3892 12
3893 14
3894 16
3895 18
3896 20
3897 22
3898 24
3899 27
3900 29
3901 32
3902 35
3903 38
3904 41
3905 44
3906 47
3907 50
3908 53
3909 57
3910 60
3911 63
3912 67
3913 70
3914 74
3915 78
3916 82
3917 85
3918 89
3919 93
3920 97
3921 101
3922 105
3923 109
3924 113
3925 117
3926 121
3927 125
3928 127
3929 -125
3930 -121
3931 -117
3932 -113
3933 -110
3934 -106
3935 -102
3936 -98
3937 -94
3938 -90
3939 -86
3940 -82
3941 -79
3942 -75
3943 -72
3944 -68
3945 -64
3946 -61
3947 -58
3948 -54
3949 -51
3950 -48
3951 -45
3952 -42
3953 -39
3954 -36
3955 -34
3956 -31
3957 -29
3958 -26
3959 -24
3960 -22
3961 -19
3962 -17
3963 -16
3964 -14
3965 -12
3966 -11
3967 -9
3968 -8
3969 -7
3970 -6
3971 -5
3972 -4
3973 -3
3974 -3
3975 -2
3976 -2
3977 -2
3978 -2
3979 -2
3980 -2
3981 -2
3982 -2
3983 -3
3984 -4
3985 -4
3986 -5
3987 -6
3988 -8
3989 -9
3990 -10
3991 -12
3992 -13
3993 -15
3994 -17
3995 -19
3996 -21
3997 -23
3998 -26
3999 -28
4000 -30
4001 -33
4002 -36
4003 -39
4004 -41
4005 -44
4006 -47
4007 -50
4008 -54
4009 -57
4010 -60
4011 -64
4012 -67
4013 -71
4014 -74
4015 -78
4016 -82
4017 -85
4018 -89
4019 -93
4020 -97
4021 -101
4022 -105
4023 -109
4024 -113
4025 -117
4026 -121
4027 -125
4028 127
4029 123
4030 119
4031 115
4032 111
4033 107
4034 103
4035 100
4036 96
4037 92
4038 88
4039 84
4040 80
4041 77
4042 73
4043 69
4044 66
4045 62
4046 59
4047 55
4048 52
4049 49
4050 46
4051 43
4052 40
4053 37
4054 34
4055 31
4056 29
4057 26
4058 24
4059 21
4060 19
4061 17
4062 15
4063 13
4064 11
4065 10
4066 8
4067 7
4068 5
4069 4
4070 3
4071 2
4072 1
4073 0
4074 0
4075 0
4076 0
4077 0
4078 0
4079 0
4080 0
4081 0
4082 0
4083 0
4084 1
4085 1
4086 2
4087 3
4088 4
4089 6
4090 7
4091 8
4092 10
4093 12
4094 14
4095 16
