789
774
747
723
693
659
620
583
544
498
456
415
380
340
307
272
240
205
167
127
83
40
-6
-61
-119
-177
-239
-310
-381
-454
-526
-597
-664
-726
-781
-827
-863
-890
-901
-900
-889
-872
-846
-813
-782
-748
-714
-680
-647
-617
-589
-562
-535
-513
-492
-466
-438
-405
-367
-322
-269
-208
-143
-72
1
79
158
234
313
385
453
517
573
624
670
708
742
767
789
803
814
819
820
818
811
798
783
763
738
708
673
638
601
563
524
489
452
418
382
348
315
282
248
211
171
130
83
30
-25
-83
-145
-213
-283
-358
-431
-509
-586
-658
-724
-782
-831
-868
-893
-908
-911
-905
-890
-867
-839
-809
-776
-743
-709
-678
-649
-622
-595
-571
-547
-524
-497
-469
-436
-397
-350
-296
-237
-170
-99
-19
56
132
209
285
356
424
487
543
590
633
669
698
725
745
760
771
780
783
780
775
763
749
732
709
683
650
618
580
546
506
469
435
400
368
333
301
267
232
193
151
108
64
12
-44
-102
-166
-231
-303
-375
-447
-519
-589
-661
-719
-773
-818
-853
-874
-881
-877
-867
-849
-823
-791
-761
-727
-693
-662
-630
-601
-576
-555
-533
-516
-496
-472
-446
-413
-375
-331
-278
-217
-152
-81
-5
71
153
231
306
378
446
507
563
613
662
698
731
758
779
798
811
818
825
826
822
813
800
781
759
732
700
669
638
601
566
529
497
466
432
401
370
338
303
264
221
179
131
79
23
-34
-98
-166
-237
-311
-387
-462
-538
-606
-668
-723
-769
-801
-824
-834
-837
-829
-813
-791
-766
-740
-713
-686
-657
-633
-611
-589
-570
-551
-534
-515
-492
-468
-434
-396
-345
-289
-229
-163
-86
-12
67
144
222
298
371
437
497
552
600
640
678
708
736
756
770
782
789
793
791
786
776
763
747
723
699
673
643
611
579
548
518
487
454
425
391
361
325
288
251
207
162
111
56
0
-64
-129
-200
-276
-353
-430
-508
-582
-648
-706
-759
-800
-828
-844
-851
-848
-834
-818
-794
-769
-738
-707
-676
-643
-617
-592
-572
-550
-534
-513
-496
-473
-445
-413
-377
-332
-278
-217
-152
-82
-6
70
145
218
290
361
425
485
536
588
630
666
693
720
742
762
775
784
793
792
788
781
770
755
737
714
689
666
636
602
571
541
511
480
449
419
389
351
314
271
229
183
133
77
21
-38
-109
-178
-254
-328
-403
-479
-553
-620
-679
-732
-772
-801
-818
-824
-821
-815
-793
-773
-752
-726
-700
-674
-649
-628
-608
-590
-575
-566
-555
-538
-518
-495
-465
-427
-379
-324
-266
-199
-125
-47
29
107
183
258
326
391
450
504
551
593
629
661
689
709
726
738
747
752
755
752
745
733
522
